1	0.60009872
2	0.57313575
3	0.54875353
4	0.52664323
5	0.5065376
6	0.4882049
7	0.47144386
8	0.45607929
9	0.44195841
10	0.42894774
11	0.41693045
12	0.40580402
13	0.39547838
14	0.3858742
15	0.37692148
16	0.36855833
17	0.36072992
18	0.35338759
19	0.34648803
20	0.33999268
21	0.33386706
22	0.32808036
23	0.32260493
24	0.31741595
25	0.31249105
26	0.30781011
27	0.3033549
28	0.29910894
29	0.2950573
30	0.2911864
31	0.28748387
32	0.28393846
33	0.28053987
34	0.27727869
35	0.2741463
36	0.27113478
37	0.26823685
38	0.2654458
39	0.26275547
40	0.26016014
41	0.25765453
42	0.25523375
43	0.25289327
44	0.25062889
45	0.24843667
46	0.24631298
47	0.24425442
48	0.24225781
49	0.2403202
50	0.23843879
51	0.236611
52	0.2348344
53	0.23310668
54	0.23142571
55	0.22978947
56	0.22819604
57	0.22664364
58	0.22513059
59	0.22365527
60	0.22221618
61	0.22081191
62	0.21944109
63	0.21810244
64	0.21679476
65	0.2155169
66	0.21426777
67	0.21304631
68	0.21185156
69	0.21068258
70	0.20953846
71	0.20841836
72	0.20732147
73	0.20624701
74	0.20519425
75	0.20416248
76	0.20315102
77	0.20215924
78	0.20118652
79	0.20023226
80	0.1992959
81	0.19837691
82	0.19747476
83	0.19658895
84	0.19571901
85	0.19486448
86	0.19402492
87	0.19319991
88	0.19238903
89	0.19159191
90	0.19080816
91	0.19003742
92	0.18927935
93	0.1885336
94	0.18779986
95	0.18707781
96	0.18636716
97	0.1856676
98	0.18497887
99	0.18430069
100	0.1836328
101	0.18297495
102	0.1823269
103	0.1816884
104	0.18105924
105	0.1804392
106	0.17982805
107	0.17922559
108	0.17863163
109	0.17804597
110	0.17746843
111	0.17689881
112	0.17633696
113	0.17578268
114	0.17523583
115	0.17469624
116	0.17416375
117	0.17363822
118	0.17311949
119	0.17260743
120	0.17210189
121	0.17160275
122	0.17110987
123	0.17062312
124	0.17014239
125	0.16966754
126	0.16919848
127	0.16873507
128	0.16827721
129	0.1678248
130	0.16737773
131	0.1669359
132	0.16649921
133	0.16606756
134	0.16564085
135	0.16521901
136	0.16480193
137	0.16438953
138	0.16398173
139	0.16357845
140	0.16317959
141	0.16278509
142	0.16239487
143	0.16200885
144	0.16162696
145	0.16124913
146	0.16087528
147	0.16050536
148	0.16013929
149	0.15977701
150	0.15941846
151	0.15906357
152	0.15871229
153	0.15836455
154	0.1580203
155	0.15767948
156	0.15734204
157	0.15700791
158	0.15667706
159	0.15634943
160	0.15602496
161	0.15570361
162	0.15538532
163	0.15507007
164	0.15475778
165	0.15444843
166	0.15414196
167	0.15383834
168	0.15353752
169	0.15323945
170	0.15294411
171	0.15265144
172	0.15236141
173	0.15207398
174	0.15178911
175	0.15150677
176	0.15122692
177	0.15094952
178	0.15067455
179	0.15040196
180	0.15013172
181	0.1498638
182	0.14959817
183	0.1493348
184	0.14907365
185	0.14881469
186	0.1485579
187	0.14830325
188	0.14805071
189	0.14780024
190	0.14755183
191	0.14730544
192	0.14706105
193	0.14681863
194	0.14657816
195	0.14633961
196	0.14610295
197	0.14586817
198	0.14563524
199	0.14540413
200	0.14517482
201	0.1449473
202	0.14472153
203	0.14449749
204	0.14427517
205	0.14405454
206	0.14383559
207	0.14361828
208	0.14340261
209	0.14318855
210	0.14297608
211	0.14276518
212	0.14255584
213	0.14234804
214	0.14214175
215	0.14193697
216	0.14173366
217	0.14153183
218	0.14133144
219	0.14113248
220	0.14093494
221	0.14073879
222	0.14054403
223	0.14035064
224	0.1401586
225	0.13996789
226	0.13977851
227	0.13959044
228	0.13940365
229	0.13921815
230	0.13903391
231	0.13885092
232	0.13866916
233	0.13848864
234	0.13830932
235	0.13813119
236	0.13795425
237	0.13777849
238	0.13760388
239	0.13743042
240	0.13725809
241	0.13708689
242	0.1369168
243	0.1367478
244	0.1365799
245	0.13641307
246	0.13624731
247	0.1360826
248	0.13591894
249	0.13575631
250	0.1355947
251	0.1354341
252	0.13527451
253	0.13511591
254	0.13495829
255	0.13480165
256	0.13464597
257	0.13449124
258	0.13433745
259	0.1341846
260	0.13403268
261	0.13388167
262	0.13373157
263	0.13358237
264	0.13343406
265	0.13328663
266	0.13314008
267	0.13299439
268	0.13284955
269	0.13270557
270	0.13256243
271	0.13242012
272	0.13227863
273	0.13213797
274	0.13199811
275	0.13185906
276	0.1317208
277	0.13158333
278	0.13144664
279	0.13131072
280	0.13117557
281	0.13104118
282	0.13090754
283	0.13077465
284	0.1306425
285	0.13051108
286	0.13038038
287	0.13025041
288	0.13012115
289	0.1299926
290	0.12986474
291	0.12973759
292	0.12961112
293	0.12948533
294	0.12936022
295	0.12923579
296	0.12911201
297	0.1289889
298	0.12886644
299	0.12874463
300	0.12862346
301	0.12850293
302	0.12838303
303	0.12826376
304	0.12814511
305	0.12802708
306	0.12790966
307	0.12779284
308	0.12767663
309	0.12756101
310	0.12744598
311	0.12733154
312	0.12721768
313	0.1271044
314	0.12699169
315	0.12687954
316	0.12676797
317	0.12665694
318	0.12654648
319	0.12643656
320	0.12632719
321	0.12621836
322	0.12611006
323	0.1260023
324	0.12589507
325	0.12578836
326	0.12568217
327	0.12557649
328	0.12547133
329	0.12536668
330	0.12526253
331	0.12515888
332	0.12505572
333	0.12495306
334	0.12485089
335	0.1247492
336	0.124648
337	0.12454727
338	0.12444702
339	0.12434723
340	0.12424792
341	0.12414906
342	0.12405067
343	0.12395273
344	0.12385525
345	0.12375822
346	0.12366163
347	0.12356549
348	0.12346978
349	0.12337452
350	0.12327968
351	0.12318528
352	0.12309131
353	0.12299776
354	0.12290463
355	0.12281191
356	0.12271962
357	0.12262773
358	0.12253626
359	0.12244519
360	0.12235453
361	0.12226426
362	0.1221744
363	0.12208492
364	0.12199585
365	0.12190716
366	0.12181885
367	0.12173093
368	0.1216434
369	0.12155624
370	0.12146945
371	0.12138305
372	0.12129701
373	0.12121134
374	0.12112603
375	0.12104109
376	0.12095651
377	0.12087229
378	0.12078843
379	0.12070492
380	0.12062176
381	0.12053895
382	0.12045648
383	0.12037436
384	0.12029259
385	0.12021115
386	0.12013005
387	0.12004928
388	0.11996885
389	0.11988875
390	0.11980897
391	0.11972953
392	0.11965041
393	0.11957161
394	0.11949313
395	0.11941497
396	0.11933712
397	0.11925959
398	0.11918237
399	0.11910546
400	0.11902886
401	0.11895257
402	0.11887657
403	0.11880089
404	0.1187255
405	0.11865041
406	0.11857561
407	0.11850111
408	0.11842691
409	0.11835299
410	0.11827937
411	0.11820603
412	0.11813298
413	0.11806021
414	0.11798772
415	0.11791551
416	0.11784358
417	0.11777193
418	0.11770055
419	0.11762945
420	0.11755862
421	0.11748806
422	0.11741776
423	0.11734774
424	0.11727798
425	0.11720848
426	0.11713925
427	0.11707027
428	0.11700156
429	0.1169331
430	0.1168649
431	0.11679695
432	0.11672925
433	0.11666181
434	0.11659461
435	0.11652767
436	0.11646097
437	0.11639452
438	0.11632831
439	0.11626234
440	0.11619662
441	0.11613113
442	0.11606588
443	0.11600087
444	0.1159361
445	0.11587156
446	0.11580725
447	0.11574317
448	0.11567933
449	0.11561571
450	0.11555232
451	0.11548916
452	0.11542622
453	0.11536351
454	0.11530102
455	0.11523875
456	0.1151767
457	0.11511487
458	0.11505325
459	0.11499186
460	0.11493067
461	0.11486971
462	0.11480895
463	0.11474841
464	0.11468807
465	0.11462795
466	0.11456803
467	0.11450832
468	0.11444882
469	0.11438952
470	0.11433043
471	0.11427153
472	0.11421284
473	0.11415435
474	0.11409606
475	0.11403797
476	0.11398007
477	0.11392237
478	0.11386486
479	0.11380755
480	0.11375043
481	0.11369351
482	0.11363677
483	0.11358022
484	0.11352387
485	0.1134677
486	0.11341171
487	0.11335591
488	0.1133003
489	0.11324487
490	0.11318963
491	0.11313456
492	0.11307968
493	0.11302498
494	0.11297045
495	0.11291611
496	0.11286194
497	0.11280794
498	0.11275413
499	0.11270048
500	0.11264702
501	0.11259372
502	0.1125406
503	0.11248764
504	0.11243486
505	0.11238224
506	0.1123298
507	0.11227752
508	0.11222541
509	0.11217346
510	0.11212168
511	0.11207006
512	0.11201861
513	0.11196732
514	0.11191619
515	0.11186522
516	0.11181441
517	0.11176376
518	0.11171327
519	0.11166294
520	0.11161276
521	0.11156274
522	0.11151288
523	0.11146317
524	0.11141361
525	0.11136421
526	0.11131496
527	0.11126586
528	0.11121691
529	0.11116811
530	0.11111946
531	0.11107096
532	0.11102261
533	0.11097441
534	0.11092635
535	0.11087844
536	0.11083067
537	0.11078305
538	0.11073557
539	0.11068823
540	0.11064104
541	0.11059398
542	0.11054707
543	0.1105003
544	0.11045367
545	0.11040718
546	0.11036082
547	0.11031461
548	0.11026853
549	0.11022259
550	0.11017678
551	0.11013111
552	0.11008557
553	0.11004017
554	0.1099949
555	0.10994976
556	0.10990475
557	0.10985988
558	0.10981514
559	0.10977052
560	0.10972604
561	0.10968169
562	0.10963746
563	0.10959336
564	0.10954939
565	0.10950555
566	0.10946183
567	0.10941824
568	0.10937477
569	0.10933143
570	0.10928821
571	0.10924511
572	0.10920214
573	0.10915929
574	0.10911656
575	0.10907395
576	0.10903146
577	0.10898909
578	0.10894684
579	0.10890471
580	0.1088627
581	0.10882081
582	0.10877903
583	0.10873737
584	0.10869583
585	0.1086544
586	0.10861309
587	0.10857189
588	0.10853081
589	0.10848984
590	0.10844898
591	0.10840824
592	0.10836761
593	0.10832709
594	0.10828668
595	0.10824638
596	0.1082062
597	0.10816612
598	0.10812615
599	0.10808629
600	0.10804654
601	0.1080069
602	0.10796737
603	0.10792794
604	0.10788862
605	0.1078494
606	0.10781029
607	0.10777129
608	0.10773239
609	0.10769359
610	0.1076549
611	0.10761632
612	0.10757783
613	0.10753945
614	0.10750117
615	0.10746299
616	0.10742492
617	0.10738694
618	0.10734906
619	0.10731129
620	0.10727361
621	0.10723604
622	0.10719856
623	0.10716118
624	0.1071239
625	0.10708672
626	0.10704963
627	0.10701264
628	0.10697575
629	0.10693895
630	0.10690225
631	0.10686564
632	0.10682913
633	0.10679271
634	0.10675639
635	0.10672016
636	0.10668402
637	0.10664798
638	0.10661203
639	0.10657617
640	0.1065404
641	0.10650473
642	0.10646914
643	0.10643365
644	0.10639824
645	0.10636293
646	0.10632771
647	0.10629257
648	0.10625752
649	0.10622257
650	0.1061877
651	0.10615292
652	0.10611822
653	0.10608361
654	0.10604909
655	0.10601466
656	0.10598031
657	0.10594605
658	0.10591187
659	0.10587778
660	0.10584378
661	0.10580985
662	0.10577602
663	0.10574226
664	0.10570859
665	0.105675
666	0.1056415
667	0.10560807
668	0.10557473
669	0.10554147
670	0.1055083
671	0.1054752
672	0.10544219
673	0.10540925
674	0.1053764
675	0.10534362
676	0.10531093
677	0.10527831
678	0.10524577
679	0.10521332
680	0.10518094
681	0.10514864
682	0.10511641
683	0.10508427
684	0.1050522
685	0.10502021
686	0.10498829
687	0.10495645
688	0.10492469
689	0.104893
690	0.10486139
691	0.10482986
692	0.10479839
693	0.10476701
694	0.1047357
695	0.10470446
696	0.10467329
697	0.1046422
698	0.10461119
699	0.10458024
700	0.10454937
701	0.10451857
702	0.10448785
703	0.10445719
704	0.10442661
705	0.1043961
706	0.10436566
707	0.10433529
708	0.10430499
709	0.10427476
710	0.1042446
711	0.10421451
712	0.10418449
713	0.10415454
714	0.10412466
715	0.10409485
716	0.10406511
717	0.10403543
718	0.10400583
719	0.10397629
720	0.10394682
721	0.10391741
722	0.10388808
723	0.10385881
724	0.1038296
725	0.10380047
726	0.1037714
727	0.10374239
728	0.10371345
729	0.10368458
730	0.10365577
731	0.10362703
732	0.10359835
733	0.10356974
734	0.10354119
735	0.1035127
736	0.10348428
737	0.10345592
738	0.10342763
739	0.1033994
740	0.10337123
741	0.10334312
742	0.10331508
743	0.1032871
744	0.10325918
745	0.10323132
746	0.10320353
747	0.10317579
748	0.10314812
749	0.10312051
750	0.10309296
751	0.10306547
752	0.10303804
753	0.10301067
754	0.10298336
755	0.10295611
756	0.10292892
757	0.10290179
758	0.10287472
759	0.10284771
760	0.10282075
761	0.10279386
762	0.10276702
763	0.10274024
764	0.10271352
765	0.10268686
766	0.10266026
767	0.10263371
768	0.10260722
769	0.10258078
770	0.10255441
771	0.10252809
772	0.10250182
773	0.10247561
774	0.10244946
775	0.10242337
776	0.10239733
777	0.10237134
778	0.10234541
779	0.10231954
780	0.10229372
781	0.10226795
782	0.10224224
783	0.10221659
784	0.10219099
785	0.10216544
786	0.10213995
787	0.10211451
788	0.10208912
789	0.10206379
790	0.10203851
791	0.10201328
792	0.1019881
793	0.10196298
794	0.10193791
795	0.1019129
796	0.10188793
797	0.10186302
798	0.10183816
799	0.10181335
800	0.10178859
801	0.10176388
802	0.10173923
803	0.10171462
804	0.10169007
805	0.10166556
806	0.10164111
807	0.10161671
808	0.10159235
809	0.10156805
810	0.1015438
811	0.10151959
812	0.10149544
813	0.10147134
814	0.10144728
815	0.10142327
816	0.10139932
817	0.10137541
818	0.10135155
819	0.10132773
820	0.10130397
821	0.10128026
822	0.10125659
823	0.10123297
824	0.10120939
825	0.10118587
826	0.10116239
827	0.10113896
828	0.10111558
829	0.10109224
830	0.10106895
831	0.10104571
832	0.10102251
833	0.10099936
834	0.10097625
835	0.1009532
836	0.10093018
837	0.10090722
838	0.1008843
839	0.10086142
840	0.10083859
841	0.1008158
842	0.10079306
843	0.10077037
844	0.10074772
845	0.10072511
846	0.10070255
847	0.10068003
848	0.10065756
849	0.10063513
850	0.10061274
851	0.1005904
852	0.1005681
853	0.10054585
854	0.10052364
855	0.10050147
856	0.10047934
857	0.10045726
858	0.10043522
859	0.10041323
860	0.10039127
861	0.10036936
862	0.10034749
863	0.10032566
864	0.10030388
865	0.10028214
866	0.10026044
867	0.10023878
868	0.10021716
869	0.10019558
870	0.10017405
871	0.10015256
872	0.1001311
873	0.10010969
874	0.10008832
875	0.10006699
876	0.1000457
877	0.10002445
878	0.10000324
879	0.099982076
880	0.099960947
881	0.099939859
882	0.099918811
883	0.099897802
884	0.099876833
885	0.099855904
886	0.099835014
887	0.099814163
888	0.099793352
889	0.099772579
890	0.099751846
891	0.099731151
892	0.099710495
893	0.099689878
894	0.099669299
895	0.099648758
896	0.099628256
897	0.099607792
898	0.099587366
899	0.099566978
900	0.099546627
901	0.099526315
902	0.09950604
903	0.099485803
904	0.099465603
905	0.09944544
906	0.099425314
907	0.099405226
908	0.099385174
909	0.09936516
910	0.099345182
911	0.09932524
912	0.099305336
913	0.099285467
914	0.099265636
915	0.09924584
916	0.09922608
917	0.099206357
918	0.099186669
919	0.099167017
920	0.099147401
921	0.099127821
922	0.099108276
923	0.099088766
924	0.099069292
925	0.099049853
926	0.099030449
927	0.09901108
928	0.098991746
929	0.098972447
930	0.098953183
931	0.098933953
932	0.098914758
933	0.098895597
934	0.09887647
935	0.098857378
936	0.09883832
937	0.098819296
938	0.098800306
939	0.09878135
940	0.098762427
941	0.098743539
942	0.098724683
943	0.098705862
944	0.098687073
945	0.098668318
946	0.098649597
947	0.098630908
948	0.098612252
949	0.09859363
950	0.09857504
951	0.098556483
952	0.098537958
953	0.098519466
954	0.098501007
955	0.09848258
956	0.098464185
957	0.098445823
958	0.098427493
959	0.098409194
960	0.098390928
961	0.098372694
962	0.098354491
963	0.09833632
964	0.098318181
965	0.098300073
966	0.098281997
967	0.098263952
968	0.098245938
969	0.098227956
970	0.098210004
971	0.098192084
972	0.098174194
973	0.098156336
974	0.098138508
975	0.098120711
976	0.098102944
977	0.098085208
978	0.098067503
979	0.098049828
980	0.098032183
981	0.098014568
982	0.097996983
983	0.097979429
984	0.097961904
985	0.09794441
986	0.097926945
987	0.09790951
988	0.097892104
989	0.097874728
990	0.097857382
991	0.097840065
992	0.097822777
993	0.097805519
994	0.097788289
995	0.097771089
996	0.097753918
997	0.097736776
998	0.097719662
999	0.097702578
1000	0.097685522
1001	0.097668495
1002	0.097651496
1003	0.097634526
1004	0.097617585
1005	0.097600671
1006	0.097583786
1007	0.09756693
1008	0.097550101
1009	0.0975333
1010	0.097516528
1011	0.097499783
1012	0.097483066
1013	0.097466377
1014	0.097449715
1015	0.097433082
1016	0.097416475
1017	0.097399897
1018	0.097383345
1019	0.097366821
1020	0.097350325
1021	0.097333855
1022	0.097317413
1023	0.097300997
1024	0.097284609
1025	0.097268248
1026	0.097251913
1027	0.097235605
1028	0.097219324
1029	0.09720307
1030	0.097186842
1031	0.097170641
1032	0.097154466
1033	0.097138318
1034	0.097122196
1035	0.0971061
1036	0.09709003
1037	0.097073986
1038	0.097057969
1039	0.097041977
1040	0.097026012
1041	0.097010072
1042	0.096994158
1043	0.09697827
1044	0.096962407
1045	0.09694657
1046	0.096930759
1047	0.096914973
1048	0.096899212
1049	0.096883477
1050	0.096867767
1051	0.096852082
1052	0.096836423
1053	0.096820788
1054	0.096805179
1055	0.096789594
1056	0.096774035
1057	0.0967585
1058	0.09674299
1059	0.096727505
1060	0.096712044
1061	0.096696608
1062	0.096681197
1063	0.09666581
1064	0.096650447
1065	0.096635109
1066	0.096619795
1067	0.096604506
1068	0.09658924
1069	0.096573999
1070	0.096558781
1071	0.096543588
1072	0.096528419
1073	0.096513273
1074	0.096498152
1075	0.096483054
1076	0.09646798
1077	0.096452929
1078	0.096437902
1079	0.096422899
1080	0.096407919
1081	0.096392962
1082	0.096378029
1083	0.096363119
1084	0.096348233
1085	0.09633337
1086	0.096318529
1087	0.096303712
1088	0.096288918
1089	0.096274147
1090	0.096259399
1091	0.096244673
1092	0.096229971
1093	0.096215291
1094	0.096200634
1095	0.096186
1096	0.096171388
1097	0.096156798
1098	0.096142232
1099	0.096127687
1100	0.096113165
1101	0.096098665
1102	0.096084188
1103	0.096069733
1104	0.0960553
1105	0.096040889
1106	0.0960265
1107	0.096012133
1108	0.095997788
1109	0.095983465
1110	0.095969164
1111	0.095954885
1112	0.095940627
1113	0.095926391
1114	0.095912177
1115	0.095897984
1116	0.095883813
1117	0.095869664
1118	0.095855536
1119	0.095841429
1120	0.095827343
1121	0.095813279
1122	0.095799236
1123	0.095785215
1124	0.095771214
1125	0.095757235
1126	0.095743276
1127	0.095729339
1128	0.095715422
1129	0.095701527
1130	0.095687652
1131	0.095673798
1132	0.095659965
1133	0.095646152
1134	0.095632361
1135	0.095618589
1136	0.095604839
1137	0.095591109
1138	0.095577399
1139	0.09556371
1140	0.095550041
1141	0.095536393
1142	0.095522764
1143	0.095509156
1144	0.095495569
1145	0.095482001
1146	0.095468453
1147	0.095454926
1148	0.095441418
1149	0.095427931
1150	0.095414463
1151	0.095401015
1152	0.095387587
1153	0.095374179
1154	0.095360791
1155	0.095347422
1156	0.095334073
1157	0.095320743
1158	0.095307434
1159	0.095294143
1160	0.095280872
1161	0.095267621
1162	0.095254388
1163	0.095241175
1164	0.095227982
1165	0.095214808
1166	0.095201653
1167	0.095188517
1168	0.0951754
1169	0.095162302
1170	0.095149223
1171	0.095136164
1172	0.095123123
1173	0.095110101
1174	0.095097098
1175	0.095084114
1176	0.095071148
1177	0.095058201
1178	0.095045273
1179	0.095032364
1180	0.095019473
1181	0.095006601
1182	0.094993748
1183	0.094980912
1184	0.094968096
1185	0.094955297
1186	0.094942517
1187	0.094929756
1188	0.094917013
1189	0.094904287
1190	0.094891581
1191	0.094878892
1192	0.094866221
1193	0.094853569
1194	0.094840934
1195	0.094828318
1196	0.094815719
1197	0.094803139
1198	0.094790576
1199	0.094778031
1200	0.094765504
1201	0.094752995
1202	0.094740503
1203	0.094728029
1204	0.094715573
1205	0.094703134
1206	0.094690713
1207	0.09467831
1208	0.094665924
1209	0.094653555
1210	0.094641204
1211	0.094628871
1212	0.094616554
1213	0.094604255
1214	0.094591973
1215	0.094579709
1216	0.094567461
1217	0.094555231
1218	0.094543018
1219	0.094530822
1220	0.094518643
1221	0.094506481
1222	0.094494336
1223	0.094482208
1224	0.094470097
1225	0.094458003
1226	0.094445925
1227	0.094433865
1228	0.094421821
1229	0.094409794
1230	0.094397783
1231	0.094385789
1232	0.094373812
1233	0.094361852
1234	0.094349908
1235	0.09433798
1236	0.094326069
1237	0.094314174
1238	0.094302296
1239	0.094290434
1240	0.094278589
1241	0.094266759
1242	0.094254946
1243	0.09424315
1244	0.094231369
1245	0.094219605
1246	0.094207856
1247	0.094196124
1248	0.094184408
1249	0.094172708
1250	0.094161024
1251	0.094149356
1252	0.094137704
1253	0.094126068
1254	0.094114447
1255	0.094102842
1256	0.094091254
1257	0.094079681
1258	0.094068123
1259	0.094056582
1260	0.094045056
1261	0.094033545
1262	0.094022051
1263	0.094010571
1264	0.093999108
1265	0.09398766
1266	0.093976227
1267	0.09396481
1268	0.093953408
1269	0.093942021
1270	0.09393065
1271	0.093919294
1272	0.093907954
1273	0.093896629
1274	0.093885318
1275	0.093874024
1276	0.093862744
1277	0.093851479
1278	0.09384023
1279	0.093828995
1280	0.093817776
1281	0.093806571
1282	0.093795382
1283	0.093784207
1284	0.093773047
1285	0.093761903
1286	0.093750773
1287	0.093739657
1288	0.093728557
1289	0.093717472
1290	0.093706401
1291	0.093695344
1292	0.093684303
1293	0.093673276
1294	0.093662264
1295	0.093651266
1296	0.093640283
1297	0.093629314
1298	0.09361836
1299	0.09360742
1300	0.093596495
1301	0.093585584
1302	0.093574687
1303	0.093563805
1304	0.093552937
1305	0.093542083
1306	0.093531244
1307	0.093520419
1308	0.093509608
1309	0.093498811
1310	0.093488029
1311	0.09347726
1312	0.093466505
1313	0.093455765
1314	0.093445039
1315	0.093434326
1316	0.093423628
1317	0.093412943
1318	0.093402273
1319	0.093391616
1320	0.093380973
1321	0.093370344
1322	0.093359729
1323	0.093349127
1324	0.09333854
1325	0.093327966
1326	0.093317406
1327	0.093306859
1328	0.093296326
1329	0.093285807
1330	0.093275301
1331	0.093264808
1332	0.09325433
1333	0.093243865
1334	0.093233413
1335	0.093222975
1336	0.09321255
1337	0.093202138
1338	0.09319174
1339	0.093181355
1340	0.093170984
1341	0.093160626
1342	0.093150281
1343	0.093139949
1344	0.093129631
1345	0.093119326
1346	0.093109034
1347	0.093098755
1348	0.093088489
1349	0.093078236
1350	0.093067997
1351	0.09305777
1352	0.093047556
1353	0.093037356
1354	0.093027168
1355	0.093016993
1356	0.093006831
1357	0.092996682
1358	0.092986546
1359	0.092976423
1360	0.092966312
1361	0.092956215
1362	0.09294613
1363	0.092936058
1364	0.092925998
1365	0.092915951
1366	0.092905917
1367	0.092895896
1368	0.092885887
1369	0.092875891
1370	0.092865907
1371	0.092855936
1372	0.092845977
1373	0.092836031
1374	0.092826097
1375	0.092816176
1376	0.092806267
1377	0.09279637
1378	0.092786486
1379	0.092776614
1380	0.092766755
1381	0.092756908
1382	0.092747073
1383	0.09273725
1384	0.09272744
1385	0.092717642
1386	0.092707856
1387	0.092698082
1388	0.09268832
1389	0.092678571
1390	0.092668833
1391	0.092659108
1392	0.092649395
1393	0.092639693
1394	0.092630004
1395	0.092620327
1396	0.092610661
1397	0.092601008
1398	0.092591366
1399	0.092581737
1400	0.092572119
1401	0.092562513
1402	0.092552919
1403	0.092543336
1404	0.092533766
1405	0.092524207
1406	0.09251466
1407	0.092505124
1408	0.092495601
1409	0.092486089
1410	0.092476588
1411	0.0924671
1412	0.092457623
1413	0.092448157
1414	0.092438703
1415	0.09242926
1416	0.09241983
1417	0.09241041
1418	0.092401002
1419	0.092391606
1420	0.09238222
1421	0.092372847
1422	0.092363484
1423	0.092354133
1424	0.092344794
1425	0.092335466
1426	0.092326149
1427	0.092316843
1428	0.092307549
1429	0.092298265
1430	0.092288993
1431	0.092279733
1432	0.092270483
1433	0.092261245
1434	0.092252017
1435	0.092242801
1436	0.092233596
1437	0.092224402
1438	0.092215219
1439	0.092206047
1440	0.092196886
1441	0.092187736
1442	0.092178597
1443	0.092169469
1444	0.092160352
1445	0.092151246
1446	0.092142151
1447	0.092133067
1448	0.092123993
1449	0.092114931
1450	0.092105879
1451	0.092096838
1452	0.092087807
1453	0.092078788
1454	0.092069779
1455	0.092060781
1456	0.092051794
1457	0.092042817
1458	0.092033851
1459	0.092024896
1460	0.092015951
1461	0.092007017
1462	0.091998093
1463	0.09198918
1464	0.091980278
1465	0.091971386
1466	0.091962504
1467	0.091953633
1468	0.091944773
1469	0.091935923
1470	0.091927083
1471	0.091918254
1472	0.091909435
1473	0.091900627
1474	0.091891829
1475	0.091883041
1476	0.091874264
1477	0.091865497
1478	0.09185674
1479	0.091847994
1480	0.091839257
1481	0.091830531
1482	0.091821815
1483	0.09181311
1484	0.091804414
1485	0.091795729
1486	0.091787054
1487	0.091778389
1488	0.091769734
1489	0.091761089
1490	0.091752454
1491	0.091743829
1492	0.091735215
1493	0.09172661
1494	0.091718015
1495	0.09170943
1496	0.091700856
1497	0.091692291
1498	0.091683736
1499	0.091675191
1500	0.091666656
1501	0.091658131
1502	0.091649615
1503	0.09164111
1504	0.091632614
1505	0.091624128
1506	0.091615652
1507	0.091607185
1508	0.091598729
1509	0.091590282
1510	0.091581845
1511	0.091573417
1512	0.091565
1513	0.091556592
1514	0.091548193
1515	0.091539804
1516	0.091531425
1517	0.091523055
1518	0.091514695
1519	0.091506345
1520	0.091498004
1521	0.091489673
1522	0.091481351
1523	0.091473039
1524	0.091464736
1525	0.091456442
1526	0.091448158
1527	0.091439884
1528	0.091431619
1529	0.091423363
1530	0.091415117
1531	0.09140688
1532	0.091398652
1533	0.091390434
1534	0.091382225
1535	0.091374026
1536	0.091365835
1537	0.091357654
1538	0.091349482
1539	0.09134132
1540	0.091333167
1541	0.091325022
1542	0.091316888
1543	0.091308762
1544	0.091300645
1545	0.091292538
1546	0.09128444
1547	0.09127635
1548	0.09126827
1549	0.091260199
1550	0.091252137
1551	0.091244085
1552	0.091236041
1553	0.091228006
1554	0.09121998
1555	0.091211963
1556	0.091203956
1557	0.091195957
1558	0.091187967
1559	0.091179986
1560	0.091172014
1561	0.091164051
1562	0.091156097
1563	0.091148151
1564	0.091140215
1565	0.091132287
1566	0.091124368
1567	0.091116458
1568	0.091108557
1569	0.091100664
1570	0.091092781
1571	0.091084906
1572	0.091077039
1573	0.091069182
1574	0.091061333
1575	0.091053493
1576	0.091045662
1577	0.091037839
1578	0.091030025
1579	0.09102222
1580	0.091014423
1581	0.091006635
1582	0.090998855
1583	0.090991084
1584	0.090983321
1585	0.090975567
1586	0.090967822
1587	0.090960085
1588	0.090952357
1589	0.090944637
1590	0.090936926
1591	0.090929223
1592	0.090921528
1593	0.090913842
1594	0.090906165
1595	0.090898496
1596	0.090890835
1597	0.090883182
1598	0.090875538
1599	0.090867903
1600	0.090860275
1601	0.090852656
1602	0.090845046
1603	0.090837443
1604	0.090829849
1605	0.090822263
1606	0.090814686
1607	0.090807116
1608	0.090799555
1609	0.090792002
1610	0.090784458
1611	0.090776921
1612	0.090769393
1613	0.090761873
1614	0.090754361
1615	0.090746857
1616	0.090739361
1617	0.090731873
1618	0.090724394
1619	0.090716922
1620	0.090709459
1621	0.090702004
1622	0.090694557
1623	0.090687117
1624	0.090679686
1625	0.090672263
1626	0.090664848
1627	0.09065744
1628	0.090650041
1629	0.09064265
1630	0.090635267
1631	0.090627891
1632	0.090620524
1633	0.090613164
1634	0.090605812
1635	0.090598468
1636	0.090591132
1637	0.090583804
1638	0.090576484
1639	0.090569172
1640	0.090561867
1641	0.09055457
1642	0.090547281
1643	0.09054
1644	0.090532726
1645	0.09052546
1646	0.090518202
1647	0.090510952
1648	0.090503709
1649	0.090496475
1650	0.090489247
1651	0.090482028
1652	0.090474816
1653	0.090467612
1654	0.090460415
1655	0.090453226
1656	0.090446045
1657	0.090438871
1658	0.090431705
1659	0.090424547
1660	0.090417396
1661	0.090410252
1662	0.090403117
1663	0.090395988
1664	0.090388867
1665	0.090381754
1666	0.090374648
1667	0.09036755
1668	0.090360459
1669	0.090353376
1670	0.0903463
1671	0.090339231
1672	0.09033217
1673	0.090325117
1674	0.09031807
1675	0.090311031
1676	0.090304
1677	0.090296976
1678	0.090289959
1679	0.09028295
1680	0.090275948
1681	0.090268953
1682	0.090261965
1683	0.090254985
1684	0.090248012
1685	0.090241047
1686	0.090234089
1687	0.090227137
1688	0.090220194
1689	0.090213257
1690	0.090206328
1691	0.090199405
1692	0.09019249
1693	0.090185583
1694	0.090178682
1695	0.090171789
1696	0.090164902
1697	0.090158023
1698	0.090151151
1699	0.090144286
1700	0.090137428
1701	0.090130578
1702	0.090123734
1703	0.090116898
1704	0.090110068
1705	0.090103246
1706	0.09009643
1707	0.090089622
1708	0.090082821
1709	0.090076026
1710	0.090069239
1711	0.090062459
1712	0.090055685
1713	0.090048919
1714	0.090042159
1715	0.090035407
1716	0.090028661
1717	0.090021923
1718	0.090015191
1719	0.090008466
1720	0.090001748
1721	0.089995037
1722	0.089988333
1723	0.089981636
1724	0.089974945
1725	0.089968261
1726	0.089961585
1727	0.089954915
1728	0.089948251
1729	0.089941595
1730	0.089934946
1731	0.089928303
1732	0.089921667
1733	0.089915037
1734	0.089908415
1735	0.089901799
1736	0.08989519
1737	0.089888588
1738	0.089881992
1739	0.089875403
1740	0.089868821
1741	0.089862245
1742	0.089855676
1743	0.089849114
1744	0.089842558
1745	0.089836009
1746	0.089829467
1747	0.089822931
1748	0.089816402
1749	0.089809879
1750	0.089803363
1751	0.089796854
1752	0.089790351
1753	0.089783855
1754	0.089777365
1755	0.089770882
1756	0.089764405
1757	0.089757935
1758	0.089751471
1759	0.089745014
1760	0.089738563
1761	0.089732119
1762	0.089725681
1763	0.08971925
1764	0.089712825
1765	0.089706407
1766	0.089699995
1767	0.089693589
1768	0.08968719
1769	0.089680797
1770	0.089674411
1771	0.089668031
1772	0.089661657
1773	0.08965529
1774	0.089648929
1775	0.089642574
1776	0.089636226
1777	0.089629884
1778	0.089623549
1779	0.089617219
1780	0.089610897
1781	0.08960458
1782	0.089598269
1783	0.089591965
1784	0.089585667
1785	0.089579376
1786	0.08957309
1787	0.089566811
1788	0.089560538
1789	0.089554271
1790	0.089548011
1791	0.089541757
1792	0.089535508
1793	0.089529266
1794	0.089523031
1795	0.089516801
1796	0.089510577
1797	0.08950436
1798	0.089498149
1799	0.089491944
1800	0.089485745
1801	0.089479552
1802	0.089473365
1803	0.089467184
1804	0.08946101
1805	0.089454841
1806	0.089448679
1807	0.089442522
1808	0.089436372
1809	0.089430227
1810	0.089424089
1811	0.089417957
1812	0.08941183
1813	0.08940571
1814	0.089399596
1815	0.089393487
1816	0.089387385
1817	0.089381289
1818	0.089375198
1819	0.089369114
1820	0.089363035
1821	0.089356962
1822	0.089350896
1823	0.089344835
1824	0.08933878
1825	0.089332731
1826	0.089326688
1827	0.08932065
1828	0.089314619
1829	0.089308594
1830	0.089302574
1831	0.08929656
1832	0.089290552
1833	0.08928455
1834	0.089278554
1835	0.089272563
1836	0.089266578
1837	0.089260599
1838	0.089254626
1839	0.089248659
1840	0.089242697
1841	0.089236741
1842	0.089230791
1843	0.089224847
1844	0.089218908
1845	0.089212975
1846	0.089207048
1847	0.089201127
1848	0.089195211
1849	0.089189301
1850	0.089183397
1851	0.089177498
1852	0.089171605
1853	0.089165718
1854	0.089159836
1855	0.08915396
1856	0.08914809
1857	0.089142225
1858	0.089136366
1859	0.089130512
1860	0.089124664
1861	0.089118822
1862	0.089112985
1863	0.089107154
1864	0.089101328
1865	0.089095508
1866	0.089089694
1867	0.089083885
1868	0.089078082
1869	0.089072284
1870	0.089066492
1871	0.089060705
1872	0.089054924
1873	0.089049148
1874	0.089043378
1875	0.089037613
1876	0.089031854
1877	0.0890261
1878	0.089020351
1879	0.089014609
1880	0.089008871
1881	0.089003139
1882	0.088997413
1883	0.088991692
1884	0.088985976
1885	0.088980266
1886	0.088974561
1887	0.088968861
1888	0.088963167
1889	0.088957479
1890	0.088951795
1891	0.088946117
1892	0.088940445
1893	0.088934778
1894	0.088929116
1895	0.088923459
1896	0.088917808
1897	0.088912162
1898	0.088906521
1899	0.088900886
1900	0.088895256
1901	0.088889632
1902	0.088884012
1903	0.088878398
1904	0.088872789
1905	0.088867186
1906	0.088861588
1907	0.088855994
1908	0.088850407
1909	0.088844824
1910	0.088839247
1911	0.088833675
1912	0.088828108
1913	0.088822546
1914	0.08881699
1915	0.088811438
1916	0.088805892
1917	0.088800351
1918	0.088794816
1919	0.088789285
1920	0.08878376
1921	0.088778239
1922	0.088772724
1923	0.088767214
1924	0.088761709
1925	0.08875621
1926	0.088750715
1927	0.088745226
1928	0.088739741
1929	0.088734262
1930	0.088728788
1931	0.088723319
1932	0.088717854
1933	0.088712395
1934	0.088706942
1935	0.088701493
1936	0.088696049
1937	0.08869061
1938	0.088685176
1939	0.088679748
1940	0.088674324
1941	0.088668905
1942	0.088663492
1943	0.088658083
1944	0.088652679
1945	0.08864728
1946	0.088641887
1947	0.088636498
1948	0.088631114
1949	0.088625735
1950	0.088620361
1951	0.088614993
1952	0.088609629
1953	0.08860427
1954	0.088598915
1955	0.088593566
1956	0.088588222
1957	0.088582883
1958	0.088577548
1959	0.088572218
1960	0.088566894
1961	0.088561574
1962	0.088556259
1963	0.088550949
1964	0.088545644
1965	0.088540343
1966	0.088535048
1967	0.088529757
1968	0.088524471
1969	0.08851919
1970	0.088513914
1971	0.088508643
1972	0.088503376
1973	0.088498114
1974	0.088492857
1975	0.088487605
1976	0.088482358
1977	0.088477115
1978	0.088471877
1979	0.088466644
1980	0.088461416
1981	0.088456192
1982	0.088450974
1983	0.088445759
1984	0.08844055
1985	0.088435346
1986	0.088430146
1987	0.08842495
1988	0.08841976
1989	0.088414574
1990	0.088409393
1991	0.088404217
1992	0.088399045
1993	0.088393878
1994	0.088388716
1995	0.088383558
1996	0.088378405
1997	0.088373257
1998	0.088368113
1999	0.088362974
2000	0.088357839
2001	0.088352709
2002	0.088347584
2003	0.088342464
2004	0.088337348
2005	0.088332236
2006	0.08832713
2007	0.088322027
2008	0.08831693
2009	0.088311837
2010	0.088306748
2011	0.088301665
2012	0.088296585
2013	0.088291511
2014	0.08828644
2015	0.088281375
2016	0.088276314
2017	0.088271257
2018	0.088266205
2019	0.088261157
2020	0.088256114
2021	0.088251076
2022	0.088246042
2023	0.088241012
2024	0.088235987
2025	0.088230967
2026	0.088225951
2027	0.088220939
2028	0.088215932
2029	0.08821093
2030	0.088205931
2031	0.088200938
2032	0.088195948
2033	0.088190964
2034	0.088185983
2035	0.088181007
2036	0.088176036
2037	0.088171069
2038	0.088166106
2039	0.088161148
2040	0.088156194
2041	0.088151244
2042	0.088146299
2043	0.088141358
2044	0.088136422
2045	0.08813149
2046	0.088126562
2047	0.088121639
2048	0.08811672
2049	0.088111806
2050	0.088106896
2051	0.08810199
2052	0.088097088
2053	0.088092191
2054	0.088087298
2055	0.08808241
2056	0.088077525
2057	0.088072645
2058	0.08806777
2059	0.088062898
2060	0.088058031
2061	0.088053169
2062	0.08804831
2063	0.088043456
2064	0.088038606
2065	0.08803376
2066	0.088028919
2067	0.088024082
2068	0.088019249
2069	0.08801442
2070	0.088009596
2071	0.088004775
2072	0.087999959
2073	0.087995148
2074	0.08799034
2075	0.087985537
2076	0.087980738
2077	0.087975943
2078	0.087971152
2079	0.087966365
2080	0.087961583
2081	0.087956805
2082	0.087952031
2083	0.087947261
2084	0.087942495
2085	0.087937734
2086	0.087932976
2087	0.087928223
2088	0.087923474
2089	0.087918729
2090	0.087913988
2091	0.087909252
2092	0.087904519
2093	0.087899791
2094	0.087895066
2095	0.087890346
2096	0.08788563
2097	0.087880918
2098	0.08787621
2099	0.087871506
2100	0.087866806
2101	0.08786211
2102	0.087857419
2103	0.087852731
2104	0.087848048
2105	0.087843368
2106	0.087838693
2107	0.087834021
2108	0.087829354
2109	0.087824691
2110	0.087820032
2111	0.087815376
2112	0.087810725
2113	0.087806078
2114	0.087801435
2115	0.087796796
2116	0.08779216
2117	0.087787529
2118	0.087782902
2119	0.087778279
2120	0.08777366
2121	0.087769044
2122	0.087764433
2123	0.087759826
2124	0.087755222
2125	0.087750623
2126	0.087746027
2127	0.087741436
2128	0.087736848
2129	0.087732265
2130	0.087727685
2131	0.087723109
2132	0.087718537
2133	0.08771397
2134	0.087709405
2135	0.087704845
2136	0.087700289
2137	0.087695737
2138	0.087691188
2139	0.087686644
2140	0.087682103
2141	0.087677567
2142	0.087673034
2143	0.087668505
2144	0.08766398
2145	0.087659458
2146	0.087654941
2147	0.087650427
2148	0.087645918
2149	0.087641412
2150	0.08763691
2151	0.087632411
2152	0.087627917
2153	0.087623426
2154	0.08761894
2155	0.087614457
2156	0.087609978
2157	0.087605502
2158	0.087601031
2159	0.087596563
2160	0.087592099
2161	0.087587639
2162	0.087583183
2163	0.08757873
2164	0.087574281
2165	0.087569836
2166	0.087565395
2167	0.087560958
2168	0.087556524
2169	0.087552094
2170	0.087547668
2171	0.087543245
2172	0.087538826
2173	0.087534411
2174	0.08753
2175	0.087525592
2176	0.087521188
2177	0.087516788
2178	0.087512392
2179	0.087507999
2180	0.08750361
2181	0.087499225
2182	0.087494843
2183	0.087490465
2184	0.087486091
2185	0.08748172
2186	0.087477353
2187	0.08747299
2188	0.087468631
2189	0.087464275
2190	0.087459922
2191	0.087455574
2192	0.087451229
2193	0.087446888
2194	0.08744255
2195	0.087438216
2196	0.087433885
2197	0.087429559
2198	0.087425236
2199	0.087420916
2200	0.0874166
2201	0.087412288
2202	0.087407979
2203	0.087403674
2204	0.087399373
2205	0.087395075
2206	0.08739078
2207	0.08738649
2208	0.087382203
2209	0.087377919
2210	0.087373639
2211	0.087369363
2212	0.08736509
2213	0.08736082
2214	0.087356555
2215	0.087352292
2216	0.087348034
2217	0.087343779
2218	0.087339527
2219	0.087335279
2220	0.087331035
2221	0.087326794
2222	0.087322556
2223	0.087318322
2224	0.087314092
2225	0.087309865
2226	0.087305642
2227	0.087301422
2228	0.087297205
2229	0.087292993
2230	0.087288783
2231	0.087284577
2232	0.087280375
2233	0.087276176
2234	0.08727198
2235	0.087267788
2236	0.0872636
2237	0.087259415
2238	0.087255233
2239	0.087251055
2240	0.08724688
2241	0.087242709
2242	0.087238541
2243	0.087234377
2244	0.087230216
2245	0.087226058
2246	0.087221904
2247	0.087217754
2248	0.087213606
2249	0.087209462
2250	0.087205322
2251	0.087201185
2252	0.087197051
2253	0.087192921
2254	0.087188794
2255	0.087184671
2256	0.087180551
2257	0.087176434
2258	0.087172321
2259	0.087168211
2260	0.087164105
2261	0.087160001
2262	0.087155902
2263	0.087151805
2264	0.087147712
2265	0.087143622
2266	0.087139536
2267	0.087135453
2268	0.087131373
2269	0.087127297
2270	0.087123224
2271	0.087119154
2272	0.087115088
2273	0.087111025
2274	0.087106965
2275	0.087102909
2276	0.087098855
2277	0.087094806
2278	0.087090759
2279	0.087086716
2280	0.087082676
2281	0.08707864
2282	0.087074606
2283	0.087070576
2284	0.087066549
2285	0.087062526
2286	0.087058506
2287	0.087054489
2288	0.087050475
2289	0.087046465
2290	0.087042458
2291	0.087038454
2292	0.087034453
2293	0.087030456
2294	0.087026462
2295	0.087022471
2296	0.087018483
2297	0.087014499
2298	0.087010517
2299	0.087006539
2300	0.087002565
2301	0.086998593
2302	0.086994625
2303	0.08699066
2304	0.086986698
2305	0.086982739
2306	0.086978784
2307	0.086974831
2308	0.086970882
2309	0.086966936
2310	0.086962994
2311	0.086959054
2312	0.086955118
2313	0.086951185
2314	0.086947255
2315	0.086943328
2316	0.086939404
2317	0.086935483
2318	0.086931566
2319	0.086927652
2320	0.086923741
2321	0.086919833
2322	0.086915928
2323	0.086912027
2324	0.086908128
2325	0.086904233
2326	0.086900341
2327	0.086896451
2328	0.086892565
2329	0.086888683
2330	0.086884803
2331	0.086880926
2332	0.086877053
2333	0.086873182
2334	0.086869315
2335	0.086865451
2336	0.08686159
2337	0.086857732
2338	0.086853877
2339	0.086850025
2340	0.086846176
2341	0.086842331
2342	0.086838488
2343	0.086834648
2344	0.086830812
2345	0.086826979
2346	0.086823148
2347	0.086819321
2348	0.086815497
2349	0.086811676
2350	0.086807858
2351	0.086804042
2352	0.08680023
2353	0.086796421
2354	0.086792615
2355	0.086788813
2356	0.086785013
2357	0.086781216
2358	0.086777422
2359	0.086773631
2360	0.086769843
2361	0.086766059
2362	0.086762277
2363	0.086758498
2364	0.086754722
2365	0.086750949
2366	0.08674718
2367	0.086743413
2368	0.086739649
2369	0.086735888
2370	0.08673213
2371	0.086728376
2372	0.086724624
2373	0.086720875
2374	0.086717129
2375	0.086713386
2376	0.086709646
2377	0.086705909
2378	0.086702175
2379	0.086698444
2380	0.086694715
2381	0.08669099
2382	0.086687268
2383	0.086683549
2384	0.086679832
2385	0.086676119
2386	0.086672408
2387	0.0866687
2388	0.086664996
2389	0.086661294
2390	0.086657595
2391	0.086653899
2392	0.086650206
2393	0.086646516
2394	0.086642829
2395	0.086639145
2396	0.086635463
2397	0.086631785
2398	0.086628109
2399	0.086624436
2400	0.086620767
2401	0.0866171
2402	0.086613436
2403	0.086609774
2404	0.086606116
2405	0.086602461
2406	0.086598808
2407	0.086595158
2408	0.086591512
2409	0.086587868
2410	0.086584227
2411	0.086580588
2412	0.086576953
2413	0.08657332
2414	0.086569691
2415	0.086566064
2416	0.08656244
2417	0.086558819
2418	0.0865552
2419	0.086551585
2420	0.086547972
2421	0.086544362
2422	0.086540755
2423	0.086537151
2424	0.086533549
2425	0.086529951
2426	0.086526355
2427	0.086522762
2428	0.086519172
2429	0.086515584
2430	0.086512
2431	0.086508418
2432	0.086504839
2433	0.086501263
2434	0.086497689
2435	0.086494119
2436	0.086490551
2437	0.086486986
2438	0.086483423
2439	0.086479864
2440	0.086476307
2441	0.086472753
2442	0.086469202
2443	0.086465653
2444	0.086462107
2445	0.086458565
2446	0.086455024
2447	0.086451487
2448	0.086447952
2449	0.08644442
2450	0.086440891
2451	0.086437364
2452	0.08643384
2453	0.086430319
2454	0.086426801
2455	0.086423286
2456	0.086419773
2457	0.086416262
2458	0.086412755
2459	0.08640925
2460	0.086405748
2461	0.086402249
2462	0.086398752
2463	0.086395258
2464	0.086391767
2465	0.086388279
2466	0.086384793
2467	0.08638131
2468	0.086377829
2469	0.086374352
2470	0.086370877
2471	0.086367404
2472	0.086363934
2473	0.086360467
2474	0.086357003
2475	0.086353541
2476	0.086350082
2477	0.086346626
2478	0.086343172
2479	0.086339721
2480	0.086336273
2481	0.086332827
2482	0.086329384
2483	0.086325944
2484	0.086322506
2485	0.086319071
2486	0.086315638
2487	0.086312208
2488	0.086308781
2489	0.086305356
2490	0.086301935
2491	0.086298515
2492	0.086295098
2493	0.086291684
2494	0.086288273
2495	0.086284864
2496	0.086281458
2497	0.086278054
2498	0.086274653
2499	0.086271255
2500	0.086267859
2501	0.086264465
2502	0.086261075
2503	0.086257687
2504	0.086254301
2505	0.086250918
2506	0.086247538
2507	0.08624416
2508	0.086240785
2509	0.086237413
2510	0.086234043
2511	0.086230675
2512	0.08622731
2513	0.086223948
2514	0.086220589
2515	0.086217231
2516	0.086213877
2517	0.086210525
2518	0.086207175
2519	0.086203828
2520	0.086200484
2521	0.086197142
2522	0.086193803
2523	0.086190466
2524	0.086187132
2525	0.0861838
2526	0.086180471
2527	0.086177145
2528	0.086173821
2529	0.086170499
2530	0.08616718
2531	0.086163863
2532	0.086160549
2533	0.086157238
2534	0.086153929
2535	0.086150623
2536	0.086147319
2537	0.086144017
2538	0.086140718
2539	0.086137422
2540	0.086134128
2541	0.086130837
2542	0.086127548
2543	0.086124261
2544	0.086120977
2545	0.086117696
2546	0.086114417
2547	0.08611114
2548	0.086107866
2549	0.086104595
2550	0.086101326
2551	0.086098059
2552	0.086094795
2553	0.086091533
2554	0.086088274
2555	0.086085017
2556	0.086081763
2557	0.086078511
2558	0.086075262
2559	0.086072015
2560	0.08606877
2561	0.086065528
2562	0.086062289
2563	0.086059052
2564	0.086055817
2565	0.086052585
2566	0.086049355
2567	0.086046127
2568	0.086042902
2569	0.08603968
2570	0.08603646
2571	0.086033242
2572	0.086030027
2573	0.086026814
2574	0.086023603
2575	0.086020395
2576	0.08601719
2577	0.086013987
2578	0.086010786
2579	0.086007587
2580	0.086004391
2581	0.086001198
2582	0.085998007
2583	0.085994818
2584	0.085991631
2585	0.085988447
2586	0.085985266
2587	0.085982086
2588	0.085978909
2589	0.085975735
2590	0.085972563
2591	0.085969393
2592	0.085966226
2593	0.085963061
2594	0.085959898
2595	0.085956738
2596	0.08595358
2597	0.085950424
2598	0.085947271
2599	0.08594412
2600	0.085940972
2601	0.085937826
2602	0.085934682
2603	0.08593154
2604	0.085928401
2605	0.085925265
2606	0.08592213
2607	0.085918998
2608	0.085915868
2609	0.085912741
2610	0.085909616
2611	0.085906493
2612	0.085903373
2613	0.085900255
2614	0.085897139
2615	0.085894025
2616	0.085890914
2617	0.085887805
2618	0.085884699
2619	0.085881595
2620	0.085878493
2621	0.085875393
2622	0.085872296
2623	0.085869201
2624	0.085866108
2625	0.085863018
2626	0.08585993
2627	0.085856844
2628	0.085853761
2629	0.085850679
2630	0.0858476
2631	0.085844524
2632	0.08584145
2633	0.085838377
2634	0.085835308
2635	0.08583224
2636	0.085829175
2637	0.085826112
2638	0.085823051
2639	0.085819993
2640	0.085816937
2641	0.085813883
2642	0.085810831
2643	0.085807782
2644	0.085804734
2645	0.08580169
2646	0.085798647
2647	0.085795607
2648	0.085792568
2649	0.085789533
2650	0.085786499
2651	0.085783468
2652	0.085780438
2653	0.085777411
2654	0.085774387
2655	0.085771364
2656	0.085768344
2657	0.085765326
2658	0.08576231
2659	0.085759297
2660	0.085756285
2661	0.085753276
2662	0.085750269
2663	0.085747265
2664	0.085744262
2665	0.085741262
2666	0.085738264
2667	0.085735268
2668	0.085732274
2669	0.085729283
2670	0.085726294
2671	0.085723307
2672	0.085720322
2673	0.085717339
2674	0.085714359
2675	0.08571138
2676	0.085708404
2677	0.08570543
2678	0.085702459
2679	0.085699489
2680	0.085696522
2681	0.085693557
2682	0.085690594
2683	0.085687633
2684	0.085684674
2685	0.085681718
2686	0.085678763
2687	0.085675811
2688	0.085672861
2689	0.085669914
2690	0.085666968
2691	0.085664024
2692	0.085661083
2693	0.085658144
2694	0.085655207
2695	0.085652272
2696	0.085649339
2697	0.085646409
2698	0.08564348
2699	0.085640554
2700	0.08563763
2701	0.085634708
2702	0.085631788
2703	0.08562887
2704	0.085625954
2705	0.085623041
2706	0.085620129
2707	0.08561722
2708	0.085614313
2709	0.085611408
2710	0.085608505
2711	0.085605604
2712	0.085602706
2713	0.085599809
2714	0.085596915
2715	0.085594022
2716	0.085591132
2717	0.085588244
2718	0.085585358
2719	0.085582474
2720	0.085579592
2721	0.085576712
2722	0.085573835
2723	0.085570959
2724	0.085568086
2725	0.085565215
2726	0.085562345
2727	0.085559478
2728	0.085556613
2729	0.08555375
2730	0.085550889
2731	0.08554803
2732	0.085545174
2733	0.085542319
2734	0.085539466
2735	0.085536616
2736	0.085533767
2737	0.085530921
2738	0.085528076
2739	0.085525234
2740	0.085522394
2741	0.085519556
2742	0.08551672
2743	0.085513886
2744	0.085511054
2745	0.085508224
2746	0.085505396
2747	0.08550257
2748	0.085499746
2749	0.085496924
2750	0.085494105
2751	0.085491287
2752	0.085488471
2753	0.085485658
2754	0.085482846
2755	0.085480036
2756	0.085477229
2757	0.085474423
2758	0.08547162
2759	0.085468819
2760	0.085466019
2761	0.085463222
2762	0.085460426
2763	0.085457633
2764	0.085454842
2765	0.085452052
2766	0.085449265
2767	0.08544648
2768	0.085443697
2769	0.085440915
2770	0.085438136
2771	0.085435359
2772	0.085432583
2773	0.08542981
2774	0.085427039
2775	0.08542427
2776	0.085421502
2777	0.085418737
2778	0.085415974
2779	0.085413213
2780	0.085410453
2781	0.085407696
2782	0.085404941
2783	0.085402187
2784	0.085399436
2785	0.085396686
2786	0.085393939
2787	0.085391193
2788	0.08538845
2789	0.085385708
2790	0.085382969
2791	0.085380231
2792	0.085377496
2793	0.085374762
2794	0.08537203
2795	0.085369301
2796	0.085366573
2797	0.085363847
2798	0.085361123
2799	0.085358401
2800	0.085355681
2801	0.085352963
2802	0.085350247
2803	0.085347533
2804	0.085344821
2805	0.085342111
2806	0.085339402
2807	0.085336696
2808	0.085333992
2809	0.085331289
2810	0.085328589
2811	0.08532589
2812	0.085323193
2813	0.085320499
2814	0.085317806
2815	0.085315115
2816	0.085312426
2817	0.085309739
2818	0.085307054
2819	0.08530437
2820	0.085301689
2821	0.08529901
2822	0.085296332
2823	0.085293657
2824	0.085290983
2825	0.085288311
2826	0.085285641
2827	0.085282973
2828	0.085280307
2829	0.085277643
2830	0.085274981
2831	0.085272321
2832	0.085269662
2833	0.085267006
2834	0.085264351
2835	0.085261698
2836	0.085259047
2837	0.085256399
2838	0.085253751
2839	0.085251106
2840	0.085248463
2841	0.085245821
2842	0.085243182
2843	0.085240544
2844	0.085237908
2845	0.085235274
2846	0.085232642
2847	0.085230012
2848	0.085227384
2849	0.085224757
2850	0.085222133
2851	0.08521951
2852	0.085216889
2853	0.08521427
2854	0.085211653
2855	0.085209038
2856	0.085206424
2857	0.085203813
2858	0.085201203
2859	0.085198595
2860	0.085195989
2861	0.085193385
2862	0.085190783
2863	0.085188182
2864	0.085185583
2865	0.085182987
2866	0.085180392
2867	0.085177798
2868	0.085175207
2869	0.085172618
2870	0.08517003
2871	0.085167444
2872	0.08516486
2873	0.085162278
2874	0.085159698
2875	0.085157119
2876	0.085154543
2877	0.085151968
2878	0.085149395
2879	0.085146824
2880	0.085144254
2881	0.085141687
2882	0.085139121
2883	0.085136557
2884	0.085133995
2885	0.085131435
2886	0.085128876
2887	0.085126319
2888	0.085123765
2889	0.085121211
2890	0.08511866
2891	0.085116111
2892	0.085113563
2893	0.085111017
2894	0.085108473
2895	0.085105931
2896	0.08510339
2897	0.085100851
2898	0.085098315
2899	0.085095779
2900	0.085093246
2901	0.085090714
2902	0.085088185
2903	0.085085657
2904	0.08508313
2905	0.085080606
2906	0.085078083
2907	0.085075562
2908	0.085073043
2909	0.085070526
2910	0.08506801
2911	0.085065496
2912	0.085062984
2913	0.085060474
2914	0.085057966
2915	0.085055459
2916	0.085052954
2917	0.085050451
2918	0.085047949
2919	0.085045449
2920	0.085042951
2921	0.085040455
2922	0.085037961
2923	0.085035468
2924	0.085032977
2925	0.085030488
2926	0.085028
2927	0.085025515
2928	0.085023031
2929	0.085020548
2930	0.085018068
2931	0.085015589
2932	0.085013112
2933	0.085010637
2934	0.085008163
2935	0.085005692
2936	0.085003221
2937	0.085000753
2938	0.084998286
2939	0.084995822
2940	0.084993358
2941	0.084990897
2942	0.084988437
2943	0.084985979
2944	0.084983523
2945	0.084981068
2946	0.084978615
2947	0.084976164
2948	0.084973715
2949	0.084971267
2950	0.084968821
2951	0.084966377
2952	0.084963934
2953	0.084961493
2954	0.084959054
2955	0.084956617
2956	0.084954181
2957	0.084951747
2958	0.084949315
2959	0.084946884
2960	0.084944455
2961	0.084942028
2962	0.084939602
2963	0.084937178
2964	0.084934756
2965	0.084932335
2966	0.084929917
2967	0.084927499
2968	0.084925084
2969	0.08492267
2970	0.084920258
2971	0.084917848
2972	0.084915439
2973	0.084913032
2974	0.084910626
2975	0.084908223
2976	0.084905821
2977	0.08490342
2978	0.084901022
2979	0.084898625
2980	0.084896229
2981	0.084893835
2982	0.084891443
2983	0.084889053
2984	0.084886664
2985	0.084884277
2986	0.084881892
2987	0.084879508
2988	0.084877126
2989	0.084874746
2990	0.084872367
2991	0.08486999
2992	0.084867614
2993	0.084865241
2994	0.084862868
2995	0.084860498
2996	0.084858129
2997	0.084855762
2998	0.084853396
2999	0.084851032
3000	0.08484867
3001	0.084846309
3002	0.08484395
3003	0.084841593
3004	0.084839237
3005	0.084836883
3006	0.084834531
3007	0.08483218
3008	0.08482983
3009	0.084827483
3010	0.084825137
3011	0.084822792
3012	0.08482045
3013	0.084818109
3014	0.084815769
3015	0.084813431
3016	0.084811095
3017	0.08480876
3018	0.084806427
3019	0.084804096
3020	0.084801766
3021	0.084799438
3022	0.084797111
3023	0.084794786
3024	0.084792463
3025	0.084790141
3026	0.084787821
3027	0.084785503
3028	0.084783186
3029	0.08478087
3030	0.084778556
3031	0.084776244
3032	0.084773934
3033	0.084771625
3034	0.084769317
3035	0.084767012
3036	0.084764707
3037	0.084762405
3038	0.084760104
3039	0.084757804
3040	0.084755507
3041	0.08475321
3042	0.084750916
3043	0.084748623
3044	0.084746331
3045	0.084744041
3046	0.084741753
3047	0.084739466
3048	0.084737181
3049	0.084734897
3050	0.084732615
3051	0.084730335
3052	0.084728056
3053	0.084725779
3054	0.084723503
3055	0.084721229
3056	0.084718956
3057	0.084716685
3058	0.084714415
3059	0.084712147
3060	0.084709881
3061	0.084707616
3062	0.084705353
3063	0.084703091
3064	0.084700831
3065	0.084698572
3066	0.084696315
3067	0.08469406
3068	0.084691806
3069	0.084689553
3070	0.084687303
3071	0.084685053
3072	0.084682806
3073	0.084680559
3074	0.084678315
3075	0.084676071
3076	0.08467383
3077	0.08467159
3078	0.084669351
3079	0.084667114
3080	0.084664879
3081	0.084662645
3082	0.084660412
3083	0.084658182
3084	0.084655952
3085	0.084653724
3086	0.084651498
3087	0.084649273
3088	0.08464705
3089	0.084644828
3090	0.084642608
3091	0.08464039
3092	0.084638172
3093	0.084635957
3094	0.084633743
3095	0.08463153
3096	0.084629319
3097	0.084627109
3098	0.084624901
3099	0.084622695
3100	0.08462049
3101	0.084618286
3102	0.084616084
3103	0.084613884
3104	0.084611685
3105	0.084609487
3106	0.084607291
3107	0.084605097
3108	0.084602904
3109	0.084600712
3110	0.084598522
3111	0.084596334
3112	0.084594147
3113	0.084591961
3114	0.084589777
3115	0.084587595
3116	0.084585414
3117	0.084583234
3118	0.084581056
3119	0.084578879
3120	0.084576704
3121	0.084574531
3122	0.084572358
3123	0.084570188
3124	0.084568019
3125	0.084565851
3126	0.084563685
3127	0.08456152
3128	0.084559357
3129	0.084557195
3130	0.084555035
3131	0.084552876
3132	0.084550718
3133	0.084548562
3134	0.084546408
3135	0.084544255
3136	0.084542104
3137	0.084539954
3138	0.084537805
3139	0.084535658
3140	0.084533512
3141	0.084531368
3142	0.084529225
3143	0.084527084
3144	0.084524944
3145	0.084522806
3146	0.084520669
3147	0.084518533
3148	0.084516399
3149	0.084514267
3150	0.084512136
3151	0.084510006
3152	0.084507878
3153	0.084505751
3154	0.084503626
3155	0.084501502
3156	0.08449938
3157	0.084497259
3158	0.084495139
3159	0.084493021
3160	0.084490904
3161	0.084488789
3162	0.084486675
3163	0.084484563
3164	0.084482452
3165	0.084480343
3166	0.084478234
3167	0.084476128
3168	0.084474023
3169	0.084471919
3170	0.084469817
3171	0.084467716
3172	0.084465616
3173	0.084463518
3174	0.084461421
3175	0.084459326
3176	0.084457232
3177	0.08445514
3178	0.084453049
3179	0.084450959
3180	0.084448871
3181	0.084446785
3182	0.084444699
3183	0.084442615
3184	0.084440533
3185	0.084438452
3186	0.084436372
3187	0.084434294
3188	0.084432217
3189	0.084430142
3190	0.084428068
3191	0.084425995
3192	0.084423924
3193	0.084421854
3194	0.084419785
3195	0.084417718
3196	0.084415653
3197	0.084413588
3198	0.084411526
3199	0.084409464
3200	0.084407404
3201	0.084405345
3202	0.084403288
3203	0.084401232
3204	0.084399178
3205	0.084397125
3206	0.084395073
3207	0.084393022
3208	0.084390974
3209	0.084388926
3210	0.08438688
3211	0.084384835
3212	0.084382792
3213	0.084380749
3214	0.084378709
3215	0.084376669
3216	0.084374632
3217	0.084372595
3218	0.08437056
3219	0.084368526
3220	0.084366494
3221	0.084364463
3222	0.084362433
3223	0.084360405
3224	0.084358378
3225	0.084356352
3226	0.084354328
3227	0.084352305
3228	0.084350283
3229	0.084348263
3230	0.084346244
3231	0.084344227
3232	0.084342211
3233	0.084340196
3234	0.084338183
3235	0.084336171
3236	0.08433416
3237	0.084332151
3238	0.084330143
3239	0.084328137
3240	0.084326131
3241	0.084324127
3242	0.084322125
3243	0.084320124
3244	0.084318124
3245	0.084316125
3246	0.084314128
3247	0.084312132
3248	0.084310138
3249	0.084308145
3250	0.084306153
3251	0.084304163
3252	0.084302173
3253	0.084300186
3254	0.084298199
3255	0.084296214
3256	0.08429423
3257	0.084292248
3258	0.084290267
3259	0.084288287
3260	0.084286309
3261	0.084284331
3262	0.084282356
3263	0.084280381
3264	0.084278408
3265	0.084276436
3266	0.084274466
3267	0.084272497
3268	0.084270529
3269	0.084268562
3270	0.084266597
3271	0.084264633
3272	0.084262671
3273	0.084260709
3274	0.084258749
3275	0.084256791
3276	0.084254833
3277	0.084252877
3278	0.084250923
3279	0.084248969
3280	0.084247017
3281	0.084245066
3282	0.084243117
3283	0.084241169
3284	0.084239222
3285	0.084237276
3286	0.084235332
3287	0.084233389
3288	0.084231448
3289	0.084229507
3290	0.084227568
3291	0.08422563
3292	0.084223694
3293	0.084221759
3294	0.084219825
3295	0.084217892
3296	0.084215961
3297	0.084214031
3298	0.084212102
3299	0.084210175
3300	0.084208249
3301	0.084206324
3302	0.0842044
3303	0.084202478
3304	0.084200557
3305	0.084198638
3306	0.084196719
3307	0.084194802
3308	0.084192886
3309	0.084190972
3310	0.084189058
3311	0.084187146
3312	0.084185236
3313	0.084183326
3314	0.084181418
3315	0.084179511
3316	0.084177605
3317	0.084175701
3318	0.084173798
3319	0.084171896
3320	0.084169996
3321	0.084168096
3322	0.084166198
3323	0.084164302
3324	0.084162406
3325	0.084160512
3326	0.084158619
3327	0.084156727
3328	0.084154837
3329	0.084152948
3330	0.08415106
3331	0.084149173
3332	0.084147288
3333	0.084145403
3334	0.084143521
3335	0.084141639
3336	0.084139759
3337	0.084137879
3338	0.084136002
3339	0.084134125
3340	0.08413225
3341	0.084130375
3342	0.084128503
3343	0.084126631
3344	0.08412476
3345	0.084122891
3346	0.084121023
3347	0.084119157
3348	0.084117291
3349	0.084115427
3350	0.084113564
3351	0.084111703
3352	0.084109842
3353	0.084107983
3354	0.084106125
3355	0.084104268
3356	0.084102413
3357	0.084100558
3358	0.084098705
3359	0.084096854
3360	0.084095003
3361	0.084093154
3362	0.084091306
3363	0.084089459
3364	0.084087613
3365	0.084085769
3366	0.084083925
3367	0.084082083
3368	0.084080243
3369	0.084078403
3370	0.084076565
3371	0.084074728
3372	0.084072892
3373	0.084071057
3374	0.084069224
3375	0.084067391
3376	0.08406556
3377	0.084063731
3378	0.084061902
3379	0.084060075
3380	0.084058248
3381	0.084056424
3382	0.0840546
3383	0.084052777
3384	0.084050956
3385	0.084049136
3386	0.084047317
3387	0.084045499
3388	0.084043683
3389	0.084041867
3390	0.084040053
3391	0.084038241
3392	0.084036429
3393	0.084034618
3394	0.084032809
3395	0.084031001
3396	0.084029194
3397	0.084027388
3398	0.084025584
3399	0.084023781
3400	0.084021979
3401	0.084020178
3402	0.084018378
3403	0.084016579
3404	0.084014782
3405	0.084012986
3406	0.084011191
3407	0.084009397
3408	0.084007605
3409	0.084005813
3410	0.084004023
3411	0.084002234
3412	0.084000446
3413	0.08399866
3414	0.083996874
3415	0.08399509
3416	0.083993307
3417	0.083991525
3418	0.083989744
3419	0.083987964
3420	0.083986186
3421	0.083984409
3422	0.083982633
3423	0.083980858
3424	0.083979084
3425	0.083977312
3426	0.08397554
3427	0.08397377
3428	0.083972001
3429	0.083970233
3430	0.083968467
3431	0.083966701
3432	0.083964937
3433	0.083963173
3434	0.083961411
3435	0.083959651
3436	0.083957891
3437	0.083956132
3438	0.083954375
3439	0.083952619
3440	0.083950864
3441	0.08394911
3442	0.083947357
3443	0.083945606
3444	0.083943855
3445	0.083942106
3446	0.083940358
3447	0.083938611
3448	0.083936865
3449	0.08393512
3450	0.083933377
3451	0.083931634
3452	0.083929893
3453	0.083928153
3454	0.083926414
3455	0.083924676
3456	0.08392294
3457	0.083921204
3458	0.08391947
3459	0.083917737
3460	0.083916005
3461	0.083914274
3462	0.083912544
3463	0.083910815
3464	0.083909088
3465	0.083907362
3466	0.083905636
3467	0.083903912
3468	0.083902189
3469	0.083900468
3470	0.083898747
3471	0.083897027
3472	0.083895309
3473	0.083893592
3474	0.083891875
3475	0.08389016
3476	0.083888447
3477	0.083886734
3478	0.083885022
3479	0.083883312
3480	0.083881602
3481	0.083879894
3482	0.083878187
3483	0.083876481
3484	0.083874776
3485	0.083873072
3486	0.083871369
3487	0.083869668
3488	0.083867967
3489	0.083866268
3490	0.08386457
3491	0.083862873
3492	0.083861177
3493	0.083859482
3494	0.083857788
3495	0.083856096
3496	0.083854404
3497	0.083852714
3498	0.083851025
3499	0.083849336
3500	0.083847649
3501	0.083845963
3502	0.083844279
3503	0.083842595
3504	0.083840912
3505	0.083839231
3506	0.08383755
3507	0.083835871
3508	0.083834193
3509	0.083832516
3510	0.08383084
3511	0.083829165
3512	0.083827491
3513	0.083825818
3514	0.083824147
3515	0.083822476
3516	0.083820807
3517	0.083819138
3518	0.083817471
3519	0.083815805
3520	0.08381414
3521	0.083812476
3522	0.083810813
3523	0.083809151
3524	0.083807491
3525	0.083805831
3526	0.083804172
3527	0.083802515
3528	0.083800859
3529	0.083799203
3530	0.083797549
3531	0.083795896
3532	0.083794244
3533	0.083792593
3534	0.083790943
3535	0.083789295
3536	0.083787647
3537	0.083786
3538	0.083784355
3539	0.08378271
3540	0.083781067
3541	0.083779425
3542	0.083777783
3543	0.083776143
3544	0.083774504
3545	0.083772866
3546	0.083771229
3547	0.083769593
3548	0.083767959
3549	0.083766325
3550	0.083764692
3551	0.083763061
3552	0.08376143
3553	0.083759801
3554	0.083758172
3555	0.083756545
3556	0.083754919
3557	0.083753294
3558	0.08375167
3559	0.083750046
3560	0.083748424
3561	0.083746804
3562	0.083745184
3563	0.083743565
3564	0.083741947
3565	0.08374033
3566	0.083738715
3567	0.0837371
3568	0.083735487
3569	0.083733874
3570	0.083732263
3571	0.083730652
3572	0.083729043
3573	0.083727435
3574	0.083725827
3575	0.083724221
3576	0.083722616
3577	0.083721012
3578	0.083719409
3579	0.083717807
3580	0.083716206
3581	0.083714606
3582	0.083713007
3583	0.08371141
3584	0.083709813
3585	0.083708217
3586	0.083706622
3587	0.083705029
3588	0.083703436
3589	0.083701845
3590	0.083700254
3591	0.083698665
3592	0.083697076
3593	0.083695489
3594	0.083693902
3595	0.083692317
3596	0.083690733
3597	0.08368915
3598	0.083687567
3599	0.083685986
3600	0.083684406
3601	0.083682827
3602	0.083681249
3603	0.083679672
3604	0.083678096
3605	0.08367652
3606	0.083674946
3607	0.083673374
3608	0.083671802
3609	0.083670231
3610	0.083668661
3611	0.083667092
3612	0.083665524
3613	0.083663957
3614	0.083662391
3615	0.083660827
3616	0.083659263
3617	0.0836577
3618	0.083656138
3619	0.083654577
3620	0.083653018
3621	0.083651459
3622	0.083649901
3623	0.083648345
3624	0.083646789
3625	0.083645234
3626	0.083643681
3627	0.083642128
3628	0.083640577
3629	0.083639026
3630	0.083637476
3631	0.083635928
3632	0.08363438
3633	0.083632834
3634	0.083631288
3635	0.083629744
3636	0.0836282
3637	0.083626657
3638	0.083625116
3639	0.083623575
3640	0.083622036
3641	0.083620497
3642	0.08361896
3643	0.083617423
3644	0.083615888
3645	0.083614353
3646	0.08361282
3647	0.083611287
3648	0.083609755
3649	0.083608225
3650	0.083606695
3651	0.083605167
3652	0.083603639
3653	0.083602113
3654	0.083600587
3655	0.083599062
3656	0.083597539
3657	0.083596016
3658	0.083594495
3659	0.083592974
3660	0.083591454
3661	0.083589936
3662	0.083588418
3663	0.083586901
3664	0.083585385
3665	0.083583871
3666	0.083582357
3667	0.083580844
3668	0.083579332
3669	0.083577822
3670	0.083576312
3671	0.083574803
3672	0.083573295
3673	0.083571788
3674	0.083570282
3675	0.083568777
3676	0.083567273
3677	0.08356577
3678	0.083564268
3679	0.083562767
3680	0.083561267
3681	0.083559768
3682	0.08355827
3683	0.083556773
3684	0.083555277
3685	0.083553782
3686	0.083552287
3687	0.083550794
3688	0.083549302
3689	0.083547811
3690	0.08354632
3691	0.083544831
3692	0.083543342
3693	0.083541855
3694	0.083540368
3695	0.083538883
3696	0.083537398
3697	0.083535915
3698	0.083534432
3699	0.08353295
3700	0.08353147
3701	0.08352999
3702	0.083528511
3703	0.083527033
3704	0.083525556
3705	0.08352408
3706	0.083522605
3707	0.083521131
3708	0.083519658
3709	0.083518186
3710	0.083516715
3711	0.083515245
3712	0.083513776
3713	0.083512307
3714	0.08351084
3715	0.083509373
3716	0.083507908
3717	0.083506444
3718	0.08350498
3719	0.083503517
3720	0.083502056
3721	0.083500595
3722	0.083499135
3723	0.083497676
3724	0.083496218
3725	0.083494761
3726	0.083493305
3727	0.08349185
3728	0.083490396
3729	0.083488943
3730	0.083487491
3731	0.08348604
3732	0.083484589
3733	0.08348314
3734	0.083481691
3735	0.083480244
3736	0.083478797
3737	0.083477351
3738	0.083475907
3739	0.083474463
3740	0.08347302
3741	0.083471578
3742	0.083470137
3743	0.083468697
3744	0.083467258
3745	0.083465819
3746	0.083464382
3747	0.083462946
3748	0.08346151
3749	0.083460076
3750	0.083458642
3751	0.08345721
3752	0.083455778
3753	0.083454347
3754	0.083452917
3755	0.083451488
3756	0.08345006
3757	0.083448633
3758	0.083447207
3759	0.083445782
3760	0.083444357
3761	0.083442934
3762	0.083441511
3763	0.08344009
3764	0.083438669
3765	0.083437249
3766	0.08343583
3767	0.083434412
3768	0.083432995
3769	0.083431579
3770	0.083430164
3771	0.08342875
3772	0.083427336
3773	0.083425924
3774	0.083424512
3775	0.083423102
3776	0.083421692
3777	0.083420283
3778	0.083418875
3779	0.083417468
3780	0.083416062
3781	0.083414657
3782	0.083413253
3783	0.083411849
3784	0.083410447
3785	0.083409045
3786	0.083407645
3787	0.083406245
3788	0.083404846
3789	0.083403448
3790	0.083402051
3791	0.083400655
3792	0.08339926
3793	0.083397865
3794	0.083396472
3795	0.083395079
3796	0.083393688
3797	0.083392297
3798	0.083390907
3799	0.083389518
3800	0.08338813
3801	0.083386743
3802	0.083385356
3803	0.083383971
3804	0.083382586
3805	0.083381203
3806	0.08337982
3807	0.083378438
3808	0.083377057
3809	0.083375677
3810	0.083374298
3811	0.08337292
3812	0.083371542
3813	0.083370166
3814	0.08336879
3815	0.083367416
3816	0.083366042
3817	0.083364669
3818	0.083363297
3819	0.083361925
3820	0.083360555
3821	0.083359186
3822	0.083357817
3823	0.083356449
3824	0.083355083
3825	0.083353717
3826	0.083352352
3827	0.083350988
3828	0.083349624
3829	0.083348262
3830	0.0833469
3831	0.08334554
3832	0.08334418
3833	0.083342821
3834	0.083341463
3835	0.083340106
3836	0.08333875
3837	0.083337394
3838	0.08333604
3839	0.083334686
3840	0.083333333
3841	0.083331981
3842	0.08333063
3843	0.08332928
3844	0.083327931
3845	0.083326582
3846	0.083325235
3847	0.083323888
3848	0.083322542
3849	0.083321197
3850	0.083319853
3851	0.08331851
3852	0.083317167
3853	0.083315826
3854	0.083314485
3855	0.083313145
3856	0.083311806
3857	0.083310468
3858	0.083309131
3859	0.083307795
3860	0.083306459
3861	0.083305124
3862	0.083303791
3863	0.083302458
3864	0.083301126
3865	0.083299794
3866	0.083298464
3867	0.083297134
3868	0.083295806
3869	0.083294478
3870	0.083293151
3871	0.083291825
3872	0.0832905
3873	0.083289175
3874	0.083287852
3875	0.083286529
3876	0.083285207
3877	0.083283886
3878	0.083282566
3879	0.083281246
3880	0.083279928
3881	0.08327861
3882	0.083277294
3883	0.083275978
3884	0.083274662
3885	0.083273348
3886	0.083272035
3887	0.083270722
3888	0.08326941
3889	0.0832681
3890	0.08326679
3891	0.08326548
3892	0.083264172
3893	0.083262864
3894	0.083261558
3895	0.083260252
3896	0.083258947
3897	0.083257643
3898	0.083256339
3899	0.083255037
3900	0.083253735
3901	0.083252434
3902	0.083251134
3903	0.083249835
3904	0.083248537
3905	0.083247239
3906	0.083245943
3907	0.083244647
3908	0.083243352
3909	0.083242058
3910	0.083240764
3911	0.083239472
3912	0.08323818
3913	0.083236889
3914	0.083235599
3915	0.08323431
3916	0.083233021
3917	0.083231734
3918	0.083230447
3919	0.083229161
3920	0.083227876
3921	0.083226592
3922	0.083225308
3923	0.083224026
3924	0.083222744
3925	0.083221463
3926	0.083220183
3927	0.083218903
3928	0.083217625
3929	0.083216347
3930	0.08321507
3931	0.083213794
3932	0.083212519
3933	0.083211245
3934	0.083209971
3935	0.083208698
3936	0.083207426
3937	0.083206155
3938	0.083204885
3939	0.083203615
3940	0.083202346
3941	0.083201078
3942	0.083199811
3943	0.083198545
3944	0.083197279
3945	0.083196015
3946	0.083194751
3947	0.083193488
3948	0.083192226
3949	0.083190964
3950	0.083189703
3951	0.083188444
3952	0.083187185
3953	0.083185926
3954	0.083184669
3955	0.083183412
3956	0.083182156
3957	0.083180901
3958	0.083179647
3959	0.083178394
3960	0.083177141
3961	0.083175889
3962	0.083174638
3963	0.083173388
3964	0.083172139
3965	0.08317089
3966	0.083169642
3967	0.083168395
3968	0.083167149
3969	0.083165904
3970	0.083164659
3971	0.083163415
3972	0.083162172
3973	0.08316093
3974	0.083159688
3975	0.083158448
3976	0.083157208
3977	0.083155969
3978	0.08315473
3979	0.083153493
3980	0.083152256
3981	0.08315102
3982	0.083149785
3983	0.083148551
3984	0.083147317
3985	0.083146085
3986	0.083144853
3987	0.083143621
3988	0.083142391
3989	0.083141161
3990	0.083139933
3991	0.083138705
3992	0.083137477
3993	0.083136251
3994	0.083135025
3995	0.0831338
3996	0.083132576
3997	0.083131353
3998	0.08313013
3999	0.083128908
4000	0.083127687
4001	0.083126467
4002	0.083125248
4003	0.083124029
4004	0.083122811
4005	0.083121594
4006	0.083120378
4007	0.083119162
4008	0.083117947
4009	0.083116733
4010	0.08311552
4011	0.083114308
4012	0.083113096
4013	0.083111885
4014	0.083110675
4015	0.083109465
4016	0.083108257
4017	0.083107049
4018	0.083105842
4019	0.083104636
4020	0.08310343
4021	0.083102225
4022	0.083101021
4023	0.083099818
4024	0.083098616
4025	0.083097414
4026	0.083096213
4027	0.083095013
4028	0.083093814
4029	0.083092615
4030	0.083091417
4031	0.08309022
4032	0.083089024
4033	0.083087828
4034	0.083086633
4035	0.083085439
4036	0.083084246
4037	0.083083053
4038	0.083081862
4039	0.083080671
4040	0.08307948
4041	0.083078291
4042	0.083077102
4043	0.083075914
4044	0.083074727
4045	0.083073541
4046	0.083072355
4047	0.08307117
4048	0.083069986
4049	0.083068802
4050	0.08306762
4051	0.083066438
4052	0.083065256
4053	0.083064076
4054	0.083062896
4055	0.083061717
4056	0.083060539
4057	0.083059362
4058	0.083058185
4059	0.083057009
4060	0.083055834
4061	0.08305466
4062	0.083053486
4063	0.083052313
4064	0.083051141
4065	0.083049969
4066	0.083048799
4067	0.083047629
4068	0.08304646
4069	0.083045291
4070	0.083044123
4071	0.083042956
4072	0.08304179
4073	0.083040625
4074	0.08303946
4075	0.083038296
4076	0.083037133
4077	0.08303597
4078	0.083034808
4079	0.083033647
4080	0.083032487
4081	0.083031327
4082	0.083030169
4083	0.08302901
4084	0.083027853
4085	0.083026697
4086	0.083025541
4087	0.083024385
4088	0.083023231
4089	0.083022077
4090	0.083020924
4091	0.083019772
4092	0.083018621
4093	0.08301747
4094	0.08301632
4095	0.083015171
4096	0.083014022
4097	0.083012874
4098	0.083011727
4099	0.083010581
4100	0.083009435
4101	0.08300829
4102	0.083007146
4103	0.083006003
4104	0.08300486
4105	0.083003718
4106	0.083002577
4107	0.083001436
4108	0.083000296
4109	0.082999157
4110	0.082998019
4111	0.082996881
4112	0.082995744
4113	0.082994608
4114	0.082993473
4115	0.082992338
4116	0.082991204
4117	0.08299007
4118	0.082988938
4119	0.082987806
4120	0.082986675
4121	0.082985544
4122	0.082984415
4123	0.082983286
4124	0.082982157
4125	0.08298103
4126	0.082979903
4127	0.082978777
4128	0.082977651
4129	0.082976527
4130	0.082975403
4131	0.082974279
4132	0.082973157
4133	0.082972035
4134	0.082970914
4135	0.082969793
4136	0.082968674
4137	0.082967555
4138	0.082966436
4139	0.082965319
4140	0.082964202
4141	0.082963086
4142	0.08296197
4143	0.082960855
4144	0.082959741
4145	0.082958628
4146	0.082957515
4147	0.082956403
4148	0.082955292
4149	0.082954182
4150	0.082953072
4151	0.082951963
4152	0.082950854
4153	0.082949747
4154	0.08294864
4155	0.082947533
4156	0.082946428
4157	0.082945323
4158	0.082944219
4159	0.082943115
4160	0.082942012
4161	0.08294091
4162	0.082939809
4163	0.082938708
4164	0.082937608
4165	0.082936509
4166	0.08293541
4167	0.082934312
4168	0.082933215
4169	0.082932119
4170	0.082931023
4171	0.082929928
4172	0.082928833
4173	0.08292774
4174	0.082926647
4175	0.082925554
4176	0.082924463
4177	0.082923372
4178	0.082922281
4179	0.082921192
4180	0.082920103
4181	0.082919015
4182	0.082917927
4183	0.08291684
4184	0.082915754
4185	0.082914669
4186	0.082913584
4187	0.0829125
4188	0.082911417
4189	0.082910334
4190	0.082909252
4191	0.082908171
4192	0.08290709
4193	0.08290601
4194	0.082904931
4195	0.082903852
4196	0.082902774
4197	0.082901697
4198	0.082900621
4199	0.082899545
4200	0.08289847
4201	0.082897395
4202	0.082896321
4203	0.082895248
4204	0.082894176
4205	0.082893104
4206	0.082892033
4207	0.082890963
4208	0.082889893
4209	0.082888824
4210	0.082887755
4211	0.082886688
4212	0.082885621
4213	0.082884554
4214	0.082883489
4215	0.082882424
4216	0.082881359
4217	0.082880296
4218	0.082879233
4219	0.082878171
4220	0.082877109
4221	0.082876048
4222	0.082874988
4223	0.082873928
4224	0.082872869
4225	0.082871811
4226	0.082870753
4227	0.082869696
4228	0.08286864
4229	0.082867584
4230	0.08286653
4231	0.082865475
4232	0.082864422
4233	0.082863369
4234	0.082862317
4235	0.082861265
4236	0.082860214
4237	0.082859164
4238	0.082858114
4239	0.082857065
4240	0.082856017
4241	0.082854969
4242	0.082853923
4243	0.082852876
4244	0.082851831
4245	0.082850786
4246	0.082849741
4247	0.082848698
4248	0.082847655
4249	0.082846612
4250	0.082845571
4251	0.08284453
4252	0.08284349
4253	0.08284245
4254	0.082841411
4255	0.082840372
4256	0.082839335
4257	0.082838298
4258	0.082837261
4259	0.082836226
4260	0.082835191
4261	0.082834156
4262	0.082833122
4263	0.082832089
4264	0.082831057
4265	0.082830025
4266	0.082828994
4267	0.082827963
4268	0.082826933
4269	0.082825904
4270	0.082824876
4271	0.082823848
4272	0.082822821
4273	0.082821794
4274	0.082820768
4275	0.082819743
4276	0.082818718
4277	0.082817694
4278	0.082816671
4279	0.082815648
4280	0.082814626
4281	0.082813605
4282	0.082812584
4283	0.082811564
4284	0.082810544
4285	0.082809525
4286	0.082808507
4287	0.08280749
4288	0.082806473
4289	0.082805456
4290	0.082804441
4291	0.082803426
4292	0.082802411
4293	0.082801398
4294	0.082800385
4295	0.082799372
4296	0.082798361
4297	0.082797349
4298	0.082796339
4299	0.082795329
4300	0.08279432
4301	0.082793311
4302	0.082792303
4303	0.082791296
4304	0.082790289
4305	0.082789283
4306	0.082788278
4307	0.082787273
4308	0.082786269
4309	0.082785265
4310	0.082784263
4311	0.08278326
4312	0.082782259
4313	0.082781258
4314	0.082780257
4315	0.082779258
4316	0.082778259
4317	0.08277726
4318	0.082776262
4319	0.082775265
4320	0.082774269
4321	0.082773273
4322	0.082772277
4323	0.082771283
4324	0.082770289
4325	0.082769295
4326	0.082768303
4327	0.08276731
4328	0.082766319
4329	0.082765328
4330	0.082764338
4331	0.082763348
4332	0.082762359
4333	0.082761371
4334	0.082760383
4335	0.082759396
4336	0.082758409
4337	0.082757423
4338	0.082756438
4339	0.082755453
4340	0.082754469
4341	0.082753486
4342	0.082752503
4343	0.082751521
4344	0.082750539
4345	0.082749558
4346	0.082748578
4347	0.082747598
4348	0.082746619
4349	0.082745641
4350	0.082744663
4351	0.082743686
4352	0.082742709
4353	0.082741733
4354	0.082740758
4355	0.082739783
4356	0.082738809
4357	0.082737835
4358	0.082736862
4359	0.08273589
4360	0.082734918
4361	0.082733947
4362	0.082732977
4363	0.082732007
4364	0.082731038
4365	0.082730069
4366	0.082729101
4367	0.082728134
4368	0.082727167
4369	0.082726201
4370	0.082725235
4371	0.08272427
4372	0.082723306
4373	0.082722342
4374	0.082721379
4375	0.082720416
4376	0.082719454
4377	0.082718493
4378	0.082717532
4379	0.082716572
4380	0.082715613
4381	0.082714654
4382	0.082713695
4383	0.082712738
4384	0.082711781
4385	0.082710824
4386	0.082709868
4387	0.082708913
4388	0.082707958
4389	0.082707004
4390	0.082706051
4391	0.082705098
4392	0.082704146
4393	0.082703194
4394	0.082702243
4395	0.082701292
4396	0.082700342
4397	0.082699393
4398	0.082698444
4399	0.082697496
4400	0.082696549
4401	0.082695602
4402	0.082694656
4403	0.08269371
4404	0.082692765
4405	0.08269182
4406	0.082690876
4407	0.082689933
4408	0.08268899
4409	0.082688048
4410	0.082687107
4411	0.082686166
4412	0.082685225
4413	0.082684286
4414	0.082683347
4415	0.082682408
4416	0.08268147
4417	0.082680533
4418	0.082679596
4419	0.08267866
4420	0.082677724
4421	0.082676789
4422	0.082675855
4423	0.082674921
4424	0.082673987
4425	0.082673055
4426	0.082672123
4427	0.082671191
4428	0.08267026
4429	0.08266933
4430	0.0826684
4431	0.082667471
4432	0.082666542
4433	0.082665614
4434	0.082664687
4435	0.08266376
4436	0.082662834
4437	0.082661908
4438	0.082660983
4439	0.082660059
4440	0.082659135
4441	0.082658212
4442	0.082657289
4443	0.082656367
4444	0.082655445
4445	0.082654524
4446	0.082653604
4447	0.082652684
4448	0.082651764
4449	0.082650846
4450	0.082649928
4451	0.08264901
4452	0.082648093
4453	0.082647177
4454	0.082646261
4455	0.082645346
4456	0.082644431
4457	0.082643517
4458	0.082642604
4459	0.082641691
4460	0.082640778
4461	0.082639867
4462	0.082638955
4463	0.082638045
4464	0.082637135
4465	0.082636225
4466	0.082635316
4467	0.082634408
4468	0.0826335
4469	0.082632593
4470	0.082631686
4471	0.08263078
4472	0.082629875
4473	0.08262897
4474	0.082628066
4475	0.082627162
4476	0.082626259
4477	0.082625356
4478	0.082624454
4479	0.082623552
4480	0.082622652
4481	0.082621751
4482	0.082620851
4483	0.082619952
4484	0.082619053
4485	0.082618155
4486	0.082617258
4487	0.082616361
4488	0.082615464
4489	0.082614569
4490	0.082613673
4491	0.082612779
4492	0.082611884
4493	0.082610991
4494	0.082610098
4495	0.082609205
4496	0.082608313
4497	0.082607422
4498	0.082606531
4499	0.082605641
4500	0.082604751
4501	0.082603862
4502	0.082602974
4503	0.082602086
4504	0.082601198
4505	0.082600312
4506	0.082599425
4507	0.082598539
4508	0.082597654
4509	0.08259677
4510	0.082595885
4511	0.082595002
4512	0.082594119
4513	0.082593237
4514	0.082592355
4515	0.082591473
4516	0.082590593
4517	0.082589712
4518	0.082588833
4519	0.082587954
4520	0.082587075
4521	0.082586197
4522	0.08258532
4523	0.082584443
4524	0.082583566
4525	0.082582691
4526	0.082581815
4527	0.082580941
4528	0.082580067
4529	0.082579193
4530	0.08257832
4531	0.082577447
4532	0.082576576
4533	0.082575704
4534	0.082574833
4535	0.082573963
4536	0.082573093
4537	0.082572224
4538	0.082571355
4539	0.082570487
4540	0.08256962
4541	0.082568753
4542	0.082567886
4543	0.08256702
4544	0.082566155
4545	0.08256529
4546	0.082564426
4547	0.082563562
4548	0.082562699
4549	0.082561836
4550	0.082560974
4551	0.082560112
4552	0.082559251
4553	0.082558391
4554	0.082557531
4555	0.082556671
4556	0.082555812
4557	0.082554954
4558	0.082554096
4559	0.082553239
4560	0.082552382
4561	0.082551526
4562	0.08255067
4563	0.082549815
4564	0.082548961
4565	0.082548107
4566	0.082547253
4567	0.0825464
4568	0.082545548
4569	0.082544696
4570	0.082543844
4571	0.082542994
4572	0.082542143
4573	0.082541294
4574	0.082540444
4575	0.082539596
4576	0.082538747
4577	0.0825379
4578	0.082537053
4579	0.082536206
4580	0.08253536
4581	0.082534515
4582	0.08253367
4583	0.082532825
4584	0.082531981
4585	0.082531138
4586	0.082530295
4587	0.082529453
4588	0.082528611
4589	0.08252777
4590	0.082526929
4591	0.082526089
4592	0.082525249
4593	0.08252441
4594	0.082523571
4595	0.082522733
4596	0.082521895
4597	0.082521058
4598	0.082520222
4599	0.082519386
4600	0.08251855
4601	0.082517715
4602	0.082516881
4603	0.082516047
4604	0.082515214
4605	0.082514381
4606	0.082513548
4607	0.082512717
4608	0.082511885
4609	0.082511055
4610	0.082510224
4611	0.082509395
4612	0.082508565
4613	0.082507737
4614	0.082506908
4615	0.082506081
4616	0.082505254
4617	0.082504427
4618	0.082503601
4619	0.082502775
4620	0.08250195
4621	0.082501126
