1	-1.5632702e-07
2	-3.0968231e-07
3	-4.6014172e-07
4	-6.0777865e-07
5	-7.5266419e-07
6	-8.9486716e-07
7	-1.0344542e-06
8	-1.1714899e-06
9	-1.3060369e-06
10	-1.4381557e-06
11	-1.5679052e-06
12	-1.6953423e-06
13	-1.8205223e-06
14	-1.9434989e-06
15	-2.0643241e-06
16	-2.1830482e-06
17	-2.2997203e-06
18	-2.414388e-06
19	-2.5270974e-06
20	-2.6378933e-06
21	-2.7468193e-06
22	-2.8539176e-06
23	-2.9592294e-06
24	-3.0627946e-06
25	-3.164652e-06
26	-3.2648393e-06
27	-3.3633932e-06
28	-3.4603494e-06
29	-3.5557426e-06
30	-3.6496064e-06
31	-3.7419739e-06
32	-3.8328768e-06
33	-3.9223463e-06
34	-4.0104127e-06
35	-4.0971054e-06
36	-4.1824531e-06
37	-4.2664837e-06
38	-4.3492245e-06
39	-4.4307019e-06
40	-4.5109418e-06
41	-4.5899693e-06
42	-4.6678089e-06
43	-4.7444845e-06
44	-4.8200195e-06
45	-4.8944364e-06
46	-4.9677575e-06
47	-5.0400044e-06
48	-5.1111981e-06
49	-5.1813591e-06
50	-5.2505074e-06
51	-5.3186627e-06
52	-5.385844e-06
53	-5.4520699e-06
54	-5.5173586e-06
55	-5.5817278e-06
56	-5.6451949e-06
57	-5.7077766e-06
58	-5.7694897e-06
59	-5.8303501e-06
60	-5.8903736e-06
61	-5.9495756e-06
62	-6.0079712e-06
63	-6.065575e-06
64	-6.1224013e-06
65	-6.1784643e-06
66	-6.2337775e-06
67	-6.2883545e-06
68	-6.3422082e-06
69	-6.3953515e-06
70	-6.447797e-06
71	-6.4995568e-06
72	-6.550643e-06
73	-6.6010672e-06
74	-6.650841e-06
75	-6.6999755e-06
76	-6.7484816e-06
77	-6.7963702e-06
78	-6.8436517e-06
79	-6.8903365e-06
80	-6.9364345e-06
81	-6.9819556e-06
82	-7.0269094e-06
83	-7.0713055e-06
84	-7.115153e-06
85	-7.1584609e-06
86	-7.2012382e-06
87	-7.2434936e-06
88	-7.2852355e-06
89	-7.3264722e-06
90	-7.3672119e-06
91	-7.4074627e-06
92	-7.4472323e-06
93	-7.4865284e-06
94	-7.5253586e-06
95	-7.5637302e-06
96	-7.6016504e-06
97	-7.6391264e-06
98	-7.676165e-06
99	-7.7127731e-06
100	-7.7489574e-06
101	-7.7847243e-06
102	-7.8200804e-06
103	-7.8550319e-06
104	-7.8895849e-06
105	-7.9237456e-06
106	-7.9575199e-06
107	-7.9909136e-06
108	-8.0239324e-06
109	-8.0565819e-06
110	-8.0888677e-06
111	-8.1207952e-06
112	-8.1523695e-06
113	-8.183596e-06
114	-8.2144798e-06
115	-8.2450258e-06
116	-8.275239e-06
117	-8.3051243e-06
118	-8.3346862e-06
119	-8.3639296e-06
120	-8.392859e-06
121	-8.4214788e-06
122	-8.4497935e-06
123	-8.4778074e-06
124	-8.5055248e-06
125	-8.5329498e-06
126	-8.5600866e-06
127	-8.5869391e-06
128	-8.6135114e-06
129	-8.6398073e-06
130	-8.6658307e-06
131	-8.6915852e-06
132	-8.7170747e-06
133	-8.7423026e-06
134	-8.7672727e-06
135	-8.7919884e-06
136	-8.8164531e-06
137	-8.8406702e-06
138	-8.8646431e-06
139	-8.888375e-06
140	-8.9118691e-06
141	-8.9351287e-06
142	-8.9581568e-06
143	-8.9809564e-06
144	-9.0035306e-06
145	-9.0258824e-06
146	-9.0480146e-06
147	-9.0699301e-06
148	-9.0916317e-06
149	-9.1131223e-06
150	-9.1344044e-06
151	-9.1554808e-06
152	-9.1763542e-06
153	-9.197027e-06
154	-9.217502e-06
155	-9.2377815e-06
156	-9.2578681e-06
157	-9.2777641e-06
158	-9.297472e-06
159	-9.3169942e-06
160	-9.3363328e-06
161	-9.3554903e-06
162	-9.3744689e-06
163	-9.3932708e-06
164	-9.4118981e-06
165	-9.430353e-06
166	-9.4486376e-06
167	-9.4667539e-06
168	-9.4847041e-06
169	-9.5024901e-06
170	-9.520114e-06
171	-9.5375776e-06
172	-9.5548829e-06
173	-9.5720317e-06
174	-9.5890261e-06
175	-9.6058677e-06
176	-9.6225583e-06
177	-9.6390999e-06
178	-9.6554941e-06
179	-9.6717426e-06
180	-9.6878472e-06
181	-9.7038095e-06
182	-9.7196312e-06
183	-9.7353139e-06
184	-9.7508593e-06
185	-9.7662688e-06
186	-9.7815441e-06
187	-9.7966868e-06
188	-9.8116982e-06
189	-9.8265799e-06
190	-9.8413334e-06
191	-9.8559601e-06
192	-9.8704614e-06
193	-9.8848388e-06
194	-9.8990937e-06
195	-9.9132274e-06
196	-9.9272412e-06
197	-9.9411365e-06
198	-9.9549146e-06
199	-9.9685768e-06
200	-9.9821244e-06
201	-9.9955586e-06
202	-1.0008881e-05
203	-1.0022092e-05
204	-1.0035193e-05
205	-1.0048186e-05
206	-1.0061072e-05
207	-1.0073851e-05
208	-1.0086526e-05
209	-1.0099096e-05
210	-1.0111564e-05
211	-1.0123929e-05
212	-1.0136195e-05
213	-1.014836e-05
214	-1.0160428e-05
215	-1.0172397e-05
216	-1.018427e-05
217	-1.0196048e-05
218	-1.0207731e-05
219	-1.0219321e-05
220	-1.0230818e-05
221	-1.0242224e-05
222	-1.0253539e-05
223	-1.0264765e-05
224	-1.0275901e-05
225	-1.028695e-05
226	-1.0297912e-05
227	-1.0308788e-05
228	-1.0319578e-05
229	-1.0330285e-05
230	-1.0340907e-05
231	-1.0351447e-05
232	-1.0361906e-05
233	-1.0372283e-05
234	-1.038258e-05
235	-1.0392798e-05
236	-1.0402937e-05
237	-1.0412998e-05
238	-1.0422983e-05
239	-1.043289e-05
240	-1.0442723e-05
241	-1.045248e-05
242	-1.0462164e-05
243	-1.0471774e-05
244	-1.0481311e-05
245	-1.0490777e-05
246	-1.0500171e-05
247	-1.0509495e-05
248	-1.0518748e-05
249	-1.0527933e-05
250	-1.0537049e-05
251	-1.0546097e-05
252	-1.0555078e-05
253	-1.0563992e-05
254	-1.057284e-05
255	-1.0581623e-05
256	-1.0590341e-05
257	-1.0598995e-05
258	-1.0607585e-05
259	-1.0616112e-05
260	-1.0624577e-05
261	-1.0632981e-05
262	-1.0641322e-05
263	-1.0649604e-05
264	-1.0657825e-05
265	-1.0665987e-05
266	-1.0674089e-05
267	-1.0682133e-05
268	-1.069012e-05
269	-1.0698048e-05
270	-1.070592e-05
271	-1.0713736e-05
272	-1.0721496e-05
273	-1.07292e-05
274	-1.0736849e-05
275	-1.0744444e-05
276	-1.0751986e-05
277	-1.0759473e-05
278	-1.0766908e-05
279	-1.0774291e-05
280	-1.0781621e-05
281	-1.07889e-05
282	-1.0796128e-05
283	-1.0803305e-05
284	-1.0810432e-05
285	-1.0817509e-05
286	-1.0824537e-05
287	-1.0831516e-05
288	-1.0838446e-05
289	-1.0845329e-05
290	-1.0852164e-05
291	-1.0858951e-05
292	-1.0865692e-05
293	-1.0872386e-05
294	-1.0879035e-05
295	-1.0885637e-05
296	-1.0892195e-05
297	-1.0898707e-05
298	-1.0905176e-05
299	-1.09116e-05
300	-1.091798e-05
301	-1.0924317e-05
302	-1.0930611e-05
303	-1.0936862e-05
304	-1.0943071e-05
305	-1.0949238e-05
306	-1.0955364e-05
307	-1.0961448e-05
308	-1.0967491e-05
309	-1.0973494e-05
310	-1.0979457e-05
311	-1.098538e-05
312	-1.0991263e-05
313	-1.0997107e-05
314	-1.1002912e-05
315	-1.1008678e-05
316	-1.1014406e-05
317	-1.1020097e-05
318	-1.1025749e-05
319	-1.1031364e-05
320	-1.1036942e-05
321	-1.1042484e-05
322	-1.1047989e-05
323	-1.1053457e-05
324	-1.105889e-05
325	-1.1064287e-05
326	-1.1069649e-05
327	-1.1074976e-05
328	-1.1080268e-05
329	-1.1085526e-05
330	-1.1090749e-05
331	-1.1095938e-05
332	-1.1101094e-05
333	-1.1106216e-05
334	-1.1111306e-05
335	-1.1116362e-05
336	-1.1121386e-05
337	-1.1126377e-05
338	-1.1131336e-05
339	-1.1136263e-05
340	-1.1141159e-05
341	-1.1146023e-05
342	-1.1150856e-05
343	-1.1155659e-05
344	-1.116043e-05
345	-1.1165171e-05
346	-1.1169882e-05
347	-1.1174563e-05
348	-1.1179214e-05
349	-1.1183836e-05
350	-1.1188428e-05
351	-1.1192992e-05
352	-1.1197526e-05
353	-1.1202032e-05
354	-1.1206509e-05
355	-1.1210959e-05
356	-1.121538e-05
357	-1.1219773e-05
358	-1.1224139e-05
359	-1.1228477e-05
360	-1.1232789e-05
361	-1.1237073e-05
362	-1.1241331e-05
363	-1.1245562e-05
364	-1.1249766e-05
365	-1.1253945e-05
366	-1.1258097e-05
367	-1.1262224e-05
368	-1.1266325e-05
369	-1.12704e-05
370	-1.1274451e-05
371	-1.1278476e-05
372	-1.1282476e-05
373	-1.1286452e-05
374	-1.1290403e-05
375	-1.129433e-05
376	-1.1298233e-05
377	-1.1302112e-05
378	-1.1305967e-05
379	-1.1309798e-05
380	-1.1313606e-05
381	-1.1317391e-05
382	-1.1321152e-05
383	-1.132489e-05
384	-1.1328606e-05
385	-1.1332299e-05
386	-1.133597e-05
387	-1.1339618e-05
388	-1.1343244e-05
389	-1.1346848e-05
390	-1.135043e-05
391	-1.1353991e-05
392	-1.135753e-05
393	-1.1361047e-05
394	-1.1364543e-05
395	-1.1368019e-05
396	-1.1371473e-05
397	-1.1374906e-05
398	-1.1378319e-05
399	-1.1381711e-05
400	-1.1385083e-05
401	-1.1388435e-05
402	-1.1391767e-05
403	-1.1395078e-05
404	-1.139837e-05
405	-1.1401642e-05
406	-1.1404895e-05
407	-1.1408128e-05
408	-1.1411342e-05
409	-1.1414537e-05
410	-1.1417712e-05
411	-1.1420869e-05
412	-1.1424007e-05
413	-1.1427127e-05
414	-1.1430228e-05
415	-1.143331e-05
416	-1.1436375e-05
417	-1.1439421e-05
418	-1.1442449e-05
419	-1.1445459e-05
420	-1.1448452e-05
421	-1.1451427e-05
422	-1.1454384e-05
423	-1.1457324e-05
424	-1.1460247e-05
425	-1.1463153e-05
426	-1.1466041e-05
427	-1.1468913e-05
428	-1.1471767e-05
429	-1.1474605e-05
430	-1.1477426e-05
431	-1.1480231e-05
432	-1.148302e-05
433	-1.1485792e-05
434	-1.1488548e-05
435	-1.1491288e-05
436	-1.1494012e-05
437	-1.149672e-05
438	-1.1499412e-05
439	-1.1502089e-05
440	-1.150475e-05
441	-1.1507396e-05
442	-1.1510026e-05
443	-1.1512641e-05
444	-1.1515241e-05
445	-1.1517826e-05
446	-1.1520396e-05
447	-1.1522951e-05
448	-1.1525491e-05
449	-1.1528017e-05
450	-1.1530528e-05
451	-1.1533024e-05
452	-1.1535507e-05
453	-1.1537974e-05
454	-1.1540428e-05
455	-1.1542868e-05
456	-1.1545293e-05
457	-1.1547705e-05
458	-1.1550103e-05
459	-1.1552487e-05
460	-1.1554857e-05
461	-1.1557214e-05
462	-1.1559558e-05
463	-1.1561888e-05
464	-1.1564204e-05
465	-1.1566508e-05
466	-1.1568798e-05
467	-1.1571075e-05
468	-1.1573339e-05
469	-1.1575591e-05
470	-1.1577829e-05
471	-1.1580055e-05
472	-1.1582268e-05
473	-1.1584469e-05
474	-1.1586657e-05
475	-1.1588832e-05
476	-1.1590995e-05
477	-1.1593146e-05
478	-1.1595285e-05
479	-1.1597412e-05
480	-1.1599527e-05
481	-1.1601629e-05
482	-1.160372e-05
483	-1.1605799e-05
484	-1.1607866e-05
485	-1.1609922e-05
486	-1.1611966e-05
487	-1.1613998e-05
488	-1.1616019e-05
489	-1.1618029e-05
490	-1.1620027e-05
491	-1.1622014e-05
492	-1.162399e-05
493	-1.1625955e-05
494	-1.1627909e-05
495	-1.1629851e-05
496	-1.1631783e-05
497	-1.1633704e-05
498	-1.1635615e-05
499	-1.1637514e-05
500	-1.1639403e-05
501	-1.1641282e-05
502	-1.1643149e-05
503	-1.1645007e-05
504	-1.1646854e-05
505	-1.1648691e-05
506	-1.1650517e-05
507	-1.1652333e-05
508	-1.1654139e-05
509	-1.1655935e-05
510	-1.1657722e-05
511	-1.1659498e-05
512	-1.1661264e-05
513	-1.166302e-05
514	-1.1664767e-05
515	-1.1666504e-05
516	-1.1668231e-05
517	-1.1669949e-05
518	-1.1671657e-05
519	-1.1673356e-05
520	-1.1675045e-05
521	-1.1676725e-05
522	-1.1678395e-05
523	-1.1680057e-05
524	-1.1681709e-05
525	-1.1683352e-05
526	-1.1684986e-05
527	-1.168661e-05
528	-1.1688226e-05
529	-1.1689833e-05
530	-1.1691431e-05
531	-1.1693021e-05
532	-1.1694601e-05
533	-1.1696173e-05
534	-1.1697736e-05
535	-1.169929e-05
536	-1.1700836e-05
537	-1.1702374e-05
538	-1.1703903e-05
539	-1.1705423e-05
540	-1.1706935e-05
541	-1.1708439e-05
542	-1.1709935e-05
543	-1.1711422e-05
544	-1.1712901e-05
545	-1.1714372e-05
546	-1.1715835e-05
547	-1.171729e-05
548	-1.1718737e-05
549	-1.1720177e-05
550	-1.1721608e-05
551	-1.1723031e-05
552	-1.1724447e-05
553	-1.1725854e-05
554	-1.1727255e-05
555	-1.1728647e-05
556	-1.1730032e-05
557	-1.1731409e-05
558	-1.1732779e-05
559	-1.1734141e-05
560	-1.1735496e-05
561	-1.1736843e-05
562	-1.1738184e-05
563	-1.1739516e-05
564	-1.1740842e-05
565	-1.174216e-05
566	-1.1743471e-05
567	-1.1744775e-05
568	-1.1746072e-05
569	-1.1747362e-05
570	-1.1748645e-05
571	-1.174992e-05
572	-1.1751189e-05
573	-1.1752451e-05
574	-1.1753706e-05
575	-1.1754955e-05
576	-1.1756196e-05
577	-1.1757431e-05
578	-1.1758659e-05
579	-1.1759881e-05
580	-1.1761095e-05
581	-1.1762304e-05
582	-1.1763505e-05
583	-1.17647e-05
584	-1.1765889e-05
585	-1.1767071e-05
586	-1.1768247e-05
587	-1.1769417e-05
588	-1.177058e-05
589	-1.1771737e-05
590	-1.1772887e-05
591	-1.1774032e-05
592	-1.177517e-05
593	-1.1776302e-05
594	-1.1777428e-05
595	-1.1778548e-05
596	-1.1779662e-05
597	-1.1780769e-05
598	-1.1781871e-05
599	-1.1782967e-05
600	-1.1784057e-05
601	-1.1785141e-05
602	-1.1786219e-05
603	-1.1787292e-05
604	-1.1788358e-05
605	-1.1789419e-05
606	-1.1790475e-05
607	-1.1791524e-05
608	-1.1792568e-05
609	-1.1793606e-05
610	-1.1794639e-05
611	-1.1795666e-05
612	-1.1796688e-05
613	-1.1797704e-05
614	-1.1798714e-05
615	-1.179972e-05
616	-1.180072e-05
617	-1.1801714e-05
618	-1.1802703e-05
619	-1.1803687e-05
620	-1.1804665e-05
621	-1.1805639e-05
622	-1.1806607e-05
623	-1.180757e-05
624	-1.1808527e-05
625	-1.180948e-05
626	-1.1810428e-05
627	-1.181137e-05
628	-1.1812307e-05
629	-1.181324e-05
630	-1.1814167e-05
631	-1.1815089e-05
632	-1.1816007e-05
633	-1.1816919e-05
634	-1.1817827e-05
635	-1.181873e-05
636	-1.1819628e-05
637	-1.1820521e-05
638	-1.1821409e-05
639	-1.1822293e-05
640	-1.1823172e-05
641	-1.1824046e-05
642	-1.1824916e-05
643	-1.1825781e-05
644	-1.1826641e-05
645	-1.1827497e-05
646	-1.1828348e-05
647	-1.1829195e-05
648	-1.1830037e-05
649	-1.1830875e-05
650	-1.1831708e-05
651	-1.1832536e-05
652	-1.1833361e-05
653	-1.1834181e-05
654	-1.1834996e-05
655	-1.1835807e-05
656	-1.1836614e-05
657	-1.1837417e-05
658	-1.1838215e-05
659	-1.1839009e-05
660	-1.1839799e-05
661	-1.1840585e-05
662	-1.1841366e-05
663	-1.1842144e-05
664	-1.1842917e-05
665	-1.1843686e-05
666	-1.1844451e-05
667	-1.1845212e-05
668	-1.1845969e-05
669	-1.1846722e-05
670	-1.184747e-05
671	-1.1848215e-05
672	-1.1848956e-05
673	-1.1849693e-05
674	-1.1850426e-05
675	-1.1851156e-05
676	-1.1851881e-05
677	-1.1852602e-05
678	-1.185332e-05
679	-1.1854034e-05
680	-1.1854744e-05
681	-1.185545e-05
682	-1.1856153e-05
683	-1.1856852e-05
684	-1.1857547e-05
685	-1.1858238e-05
686	-1.1858926e-05
687	-1.185961e-05
688	-1.1860291e-05
689	-1.1860968e-05
690	-1.1861641e-05
691	-1.1862311e-05
692	-1.1862977e-05
693	-1.186364e-05
694	-1.1864299e-05
695	-1.1864955e-05
696	-1.1865607e-05
697	-1.1866256e-05
698	-1.1866901e-05
699	-1.1867543e-05
700	-1.1868182e-05
701	-1.1868817e-05
702	-1.1869449e-05
703	-1.1870077e-05
704	-1.1870702e-05
705	-1.1871324e-05
706	-1.1871943e-05
707	-1.1872558e-05
708	-1.187317e-05
709	-1.1873779e-05
710	-1.1874385e-05
711	-1.1874987e-05
712	-1.1875587e-05
713	-1.1876183e-05
714	-1.1876776e-05
715	-1.1877365e-05
716	-1.1877952e-05
717	-1.1878536e-05
718	-1.1879116e-05
719	-1.1879694e-05
720	-1.1880268e-05
721	-1.188084e-05
722	-1.1881408e-05
723	-1.1881973e-05
724	-1.1882536e-05
725	-1.1883095e-05
726	-1.1883652e-05
727	-1.1884205e-05
728	-1.1884756e-05
729	-1.1885304e-05
730	-1.1885849e-05
731	-1.1886391e-05
732	-1.188693e-05
733	-1.1887466e-05
734	-1.1888e-05
735	-1.1888531e-05
736	-1.1889058e-05
737	-1.1889584e-05
738	-1.1890106e-05
739	-1.1890626e-05
740	-1.1891142e-05
741	-1.1891657e-05
742	-1.1892168e-05
743	-1.1892677e-05
744	-1.1893183e-05
745	-1.1893686e-05
746	-1.1894187e-05
747	-1.1894685e-05
748	-1.1895181e-05
749	-1.1895674e-05
750	-1.1896164e-05
751	-1.1896652e-05
752	-1.1897137e-05
753	-1.189762e-05
754	-1.18981e-05
755	-1.1898578e-05
756	-1.1899053e-05
757	-1.1899526e-05
758	-1.1899996e-05
759	-1.1900463e-05
760	-1.1900929e-05
761	-1.1901391e-05
762	-1.1901852e-05
763	-1.190231e-05
764	-1.1902765e-05
765	-1.1903218e-05
766	-1.1903669e-05
767	-1.1904118e-05
768	-1.1904564e-05
769	-1.1905007e-05
770	-1.1905449e-05
771	-1.1905888e-05
772	-1.1906325e-05
773	-1.1906759e-05
774	-1.1907191e-05
775	-1.1907621e-05
776	-1.1908049e-05
777	-1.1908474e-05
778	-1.1908898e-05
779	-1.1909319e-05
780	-1.1909737e-05
781	-1.1910154e-05
782	-1.1910568e-05
783	-1.1910981e-05
784	-1.1911391e-05
785	-1.1911799e-05
786	-1.1912204e-05
787	-1.1912608e-05
788	-1.191301e-05
789	-1.1913409e-05
790	-1.1913807e-05
791	-1.1914202e-05
792	-1.1914595e-05
793	-1.1914986e-05
794	-1.1915375e-05
795	-1.1915763e-05
796	-1.1916148e-05
797	-1.1916531e-05
798	-1.1916912e-05
799	-1.1917291e-05
800	-1.1917668e-05
801	-1.1918043e-05
802	-1.1918416e-05
803	-1.1918787e-05
804	-1.1919157e-05
805	-1.1919524e-05
806	-1.1919889e-05
807	-1.1920253e-05
808	-1.1920614e-05
809	-1.1920974e-05
810	-1.1921332e-05
811	-1.1921688e-05
812	-1.1922042e-05
813	-1.1922394e-05
814	-1.1922745e-05
815	-1.1923093e-05
816	-1.192344e-05
817	-1.1923785e-05
818	-1.1924128e-05
819	-1.1924469e-05
820	-1.1924809e-05
821	-1.1925147e-05
822	-1.1925483e-05
823	-1.1925817e-05
824	-1.192615e-05
825	-1.192648e-05
826	-1.192681e-05
827	-1.1927137e-05
828	-1.1927463e-05
829	-1.1927787e-05
830	-1.1928109e-05
831	-1.1928429e-05
832	-1.1928748e-05
833	-1.1929066e-05
834	-1.1929381e-05
835	-1.1929695e-05
836	-1.1930007e-05
837	-1.1930318e-05
838	-1.1930627e-05
839	-1.1930935e-05
840	-1.193124e-05
841	-1.1931545e-05
842	-1.1931847e-05
843	-1.1932148e-05
844	-1.1932448e-05
845	-1.1932746e-05
846	-1.1933042e-05
847	-1.1933337e-05
848	-1.193363e-05
849	-1.1933922e-05
850	-1.1934212e-05
851	-1.1934501e-05
852	-1.1934788e-05
853	-1.1935074e-05
854	-1.1935358e-05
855	-1.1935641e-05
856	-1.1935922e-05
857	-1.1936202e-05
858	-1.1936481e-05
859	-1.1936758e-05
860	-1.1937033e-05
861	-1.1937307e-05
862	-1.193758e-05
863	-1.1937851e-05
864	-1.1938121e-05
865	-1.1938389e-05
866	-1.1938656e-05
867	-1.1938922e-05
868	-1.1939186e-05
869	-1.1939449e-05
870	-1.193971e-05
871	-1.193997e-05
872	-1.1940229e-05
873	-1.1940487e-05
874	-1.1940743e-05
875	-1.1940997e-05
876	-1.1941251e-05
877	-1.1941503e-05
878	-1.1941754e-05
879	-1.1942003e-05
880	-1.1942251e-05
881	-1.1942498e-05
882	-1.1942744e-05
883	-1.1942988e-05
884	-1.1943231e-05
885	-1.1943473e-05
886	-1.1943714e-05
887	-1.1943953e-05
888	-1.1944191e-05
889	-1.1944428e-05
890	-1.1944663e-05
891	-1.1944898e-05
892	-1.1945131e-05
893	-1.1945363e-05
894	-1.1945593e-05
895	-1.1945823e-05
896	-1.1946051e-05
897	-1.1946278e-05
898	-1.1946504e-05
899	-1.1946729e-05
900	-1.1946953e-05
901	-1.1947175e-05
902	-1.1947396e-05
903	-1.1947616e-05
904	-1.1947835e-05
905	-1.1948053e-05
906	-1.194827e-05
907	-1.1948486e-05
908	-1.19487e-05
909	-1.1948913e-05
910	-1.1949126e-05
911	-1.1949337e-05
912	-1.1949547e-05
913	-1.1949756e-05
914	-1.1949964e-05
915	-1.1950171e-05
916	-1.1950376e-05
917	-1.1950581e-05
918	-1.1950784e-05
919	-1.1950987e-05
920	-1.1951188e-05
921	-1.1951389e-05
922	-1.1951588e-05
923	-1.1951787e-05
924	-1.1951984e-05
925	-1.195218e-05
926	-1.1952376e-05
927	-1.195257e-05
928	-1.1952763e-05
929	-1.1952955e-05
930	-1.1953147e-05
931	-1.1953337e-05
932	-1.1953526e-05
933	-1.1953714e-05
934	-1.1953902e-05
935	-1.1954088e-05
936	-1.1954273e-05
937	-1.1954458e-05
938	-1.1954641e-05
939	-1.1954824e-05
940	-1.1955005e-05
941	-1.1955186e-05
942	-1.1955366e-05
943	-1.1955544e-05
944	-1.1955722e-05
945	-1.1955899e-05
946	-1.1956075e-05
947	-1.195625e-05
948	-1.1956424e-05
949	-1.1956597e-05
950	-1.195677e-05
951	-1.1956941e-05
952	-1.1957112e-05
953	-1.1957281e-05
954	-1.195745e-05
955	-1.1957618e-05
956	-1.1957785e-05
957	-1.1957951e-05
958	-1.1958117e-05
959	-1.1958281e-05
960	-1.1958445e-05
961	-1.1958607e-05
962	-1.1958769e-05
963	-1.195893e-05
964	-1.1959091e-05
965	-1.195925e-05
966	-1.1959409e-05
967	-1.1959566e-05
968	-1.1959723e-05
969	-1.195988e-05
970	-1.1960035e-05
971	-1.1960189e-05
972	-1.1960343e-05
973	-1.1960496e-05
974	-1.1960648e-05
975	-1.1960799e-05
976	-1.196095e-05
977	-1.19611e-05
978	-1.1961249e-05
979	-1.1961397e-05
980	-1.1961544e-05
981	-1.1961691e-05
982	-1.1961837e-05
983	-1.1961982e-05
984	-1.1962127e-05
985	-1.196227e-05
986	-1.1962413e-05
987	-1.1962555e-05
988	-1.1962697e-05
989	-1.1962837e-05
990	-1.1962977e-05
991	-1.1963117e-05
992	-1.1963255e-05
993	-1.1963393e-05
994	-1.196353e-05
995	-1.1963667e-05
996	-1.1963802e-05
997	-1.1963937e-05
998	-1.1964071e-05
999	-1.1964205e-05
1000	-1.1964338e-05
1001	-1.196447e-05
1002	-1.1964602e-05
1003	-1.1964732e-05
1004	-1.1964863e-05
1005	-1.1964992e-05
1006	-1.1965121e-05
1007	-1.1965249e-05
1008	-1.1965377e-05
1009	-1.1965503e-05
1010	-1.196563e-05
1011	-1.1965755e-05
1012	-1.196588e-05
1013	-1.1966004e-05
1014	-1.1966128e-05
1015	-1.1966251e-05
1016	-1.1966373e-05
1017	-1.1966495e-05
1018	-1.1966616e-05
1019	-1.1966736e-05
1020	-1.1966856e-05
1021	-1.1966975e-05
1022	-1.1967093e-05
1023	-1.1967211e-05
1024	-1.1967329e-05
1025	-1.1967445e-05
1026	-1.1967562e-05
1027	-1.1967677e-05
1028	-1.1967792e-05
1029	-1.1967906e-05
1030	-1.196802e-05
1031	-1.1968133e-05
1032	-1.1968246e-05
1033	-1.1968358e-05
1034	-1.1968469e-05
1035	-1.196858e-05
1036	-1.196869e-05
1037	-1.19688e-05
1038	-1.1968909e-05
1039	-1.1969017e-05
1040	-1.1969125e-05
1041	-1.1969233e-05
1042	-1.1969339e-05
1043	-1.1969446e-05
1044	-1.1969552e-05
1045	-1.1969657e-05
1046	-1.1969761e-05
1047	-1.1969865e-05
1048	-1.1969969e-05
1049	-1.1970072e-05
1050	-1.1970175e-05
1051	-1.1970277e-05
1052	-1.1970378e-05
1053	-1.1970479e-05
1054	-1.1970579e-05
1055	-1.1970679e-05
1056	-1.1970779e-05
1057	-1.1970877e-05
1058	-1.1970976e-05
1059	-1.1971074e-05
1060	-1.1971171e-05
1061	-1.1971268e-05
1062	-1.1971364e-05
1063	-1.197146e-05
1064	-1.1971555e-05
1065	-1.197165e-05
1066	-1.1971744e-05
1067	-1.1971838e-05
1068	-1.1971931e-05
1069	-1.1972024e-05
1070	-1.1972117e-05
1071	-1.1972209e-05
1072	-1.19723e-05
1073	-1.1972391e-05
1074	-1.1972482e-05
1075	-1.1972572e-05
1076	-1.1972661e-05
1077	-1.197275e-05
1078	-1.1972839e-05
1079	-1.1972927e-05
1080	-1.1973015e-05
1081	-1.1973102e-05
1082	-1.1973189e-05
1083	-1.1973275e-05
1084	-1.1973361e-05
1085	-1.1973447e-05
1086	-1.1973532e-05
1087	-1.1973616e-05
1088	-1.19737e-05
1089	-1.1973784e-05
1090	-1.1973867e-05
1091	-1.197395e-05
1092	-1.1974033e-05
1093	-1.1974115e-05
1094	-1.1974196e-05
1095	-1.1974277e-05
1096	-1.1974358e-05
1097	-1.1974439e-05
1098	-1.1974518e-05
1099	-1.1974598e-05
1100	-1.1974677e-05
1101	-1.1974756e-05
1102	-1.1974834e-05
1103	-1.1974912e-05
1104	-1.1974989e-05
1105	-1.1975066e-05
1106	-1.1975143e-05
1107	-1.1975219e-05
1108	-1.1975295e-05
1109	-1.1975371e-05
1110	-1.1975446e-05
1111	-1.197552e-05
1112	-1.1975595e-05
1113	-1.1975669e-05
1114	-1.1975742e-05
1115	-1.1975815e-05
1116	-1.1975888e-05
1117	-1.197596e-05
1118	-1.1976032e-05
1119	-1.1976104e-05
1120	-1.1976175e-05
1121	-1.1976246e-05
1122	-1.1976317e-05
1123	-1.1976387e-05
1124	-1.1976457e-05
1125	-1.1976526e-05
1126	-1.1976595e-05
1127	-1.1976664e-05
1128	-1.1976733e-05
1129	-1.1976801e-05
1130	-1.1976868e-05
1131	-1.1976936e-05
1132	-1.1977003e-05
1133	-1.1977069e-05
1134	-1.1977136e-05
1135	-1.1977202e-05
1136	-1.1977267e-05
1137	-1.1977332e-05
1138	-1.1977397e-05
1139	-1.1977462e-05
1140	-1.1977526e-05
1141	-1.197759e-05
1142	-1.1977654e-05
1143	-1.1977717e-05
1144	-1.197778e-05
1145	-1.1977843e-05
1146	-1.1977905e-05
1147	-1.1977967e-05
1148	-1.1978029e-05
1149	-1.197809e-05
1150	-1.1978151e-05
1151	-1.1978212e-05
1152	-1.1978272e-05
1153	-1.1978332e-05
1154	-1.1978392e-05
1155	-1.1978451e-05
1156	-1.197851e-05
1157	-1.1978569e-05
1158	-1.1978628e-05
1159	-1.1978686e-05
1160	-1.1978744e-05
1161	-1.1978802e-05
1162	-1.1978859e-05
1163	-1.1978916e-05
1164	-1.1978973e-05
1165	-1.1979029e-05
1166	-1.1979085e-05
1167	-1.1979141e-05
1168	-1.1979197e-05
1169	-1.1979252e-05
1170	-1.1979307e-05
1171	-1.1979362e-05
1172	-1.1979416e-05
1173	-1.1979471e-05
1174	-1.1979524e-05
1175	-1.1979578e-05
1176	-1.1979631e-05
1177	-1.1979684e-05
1178	-1.1979737e-05
1179	-1.197979e-05
1180	-1.1979842e-05
1181	-1.1979894e-05
1182	-1.1979946e-05
1183	-1.1979997e-05
1184	-1.1980048e-05
1185	-1.1980099e-05
1186	-1.198015e-05
1187	-1.19802e-05
1188	-1.198025e-05
1189	-1.19803e-05
1190	-1.198035e-05
1191	-1.1980399e-05
1192	-1.1980448e-05
1193	-1.1980497e-05
1194	-1.1980545e-05
1195	-1.1980594e-05
1196	-1.1980642e-05
1197	-1.198069e-05
1198	-1.1980737e-05
1199	-1.1980785e-05
1200	-1.1980832e-05
1201	-1.1980879e-05
1202	-1.1980925e-05
1203	-1.1980972e-05
1204	-1.1981018e-05
1205	-1.1981064e-05
1206	-1.1981109e-05
1207	-1.1981155e-05
1208	-1.19812e-05
1209	-1.1981245e-05
1210	-1.1981289e-05
1211	-1.1981334e-05
1212	-1.1981378e-05
1213	-1.1981422e-05
1214	-1.1981466e-05
1215	-1.198151e-05
1216	-1.1981553e-05
1217	-1.1981596e-05
1218	-1.1981639e-05
1219	-1.1981682e-05
1220	-1.1981724e-05
1221	-1.1981766e-05
1222	-1.1981808e-05
1223	-1.198185e-05
1224	-1.1981892e-05
1225	-1.1981933e-05
1226	-1.1981974e-05
1227	-1.1982015e-05
1228	-1.1982056e-05
1229	-1.1982096e-05
1230	-1.1982137e-05
1231	-1.1982177e-05
1232	-1.1982217e-05
1233	-1.1982257e-05
1234	-1.1982296e-05
1235	-1.1982335e-05
1236	-1.1982374e-05
1237	-1.1982413e-05
1238	-1.1982452e-05
1239	-1.198249e-05
1240	-1.1982529e-05
1241	-1.1982567e-05
1242	-1.1982605e-05
1243	-1.1982642e-05
1244	-1.198268e-05
1245	-1.1982717e-05
1246	-1.1982754e-05
1247	-1.1982791e-05
1248	-1.1982828e-05
1249	-1.1982864e-05
1250	-1.1982901e-05
1251	-1.1982937e-05
1252	-1.1982973e-05
1253	-1.1983009e-05
1254	-1.1983044e-05
1255	-1.198308e-05
1256	-1.1983115e-05
1257	-1.198315e-05
1258	-1.1983185e-05
1259	-1.198322e-05
1260	-1.1983254e-05
1261	-1.1983288e-05
1262	-1.1983323e-05
1263	-1.1983357e-05
1264	-1.198339e-05
1265	-1.1983424e-05
1266	-1.1983457e-05
1267	-1.1983491e-05
1268	-1.1983524e-05
1269	-1.1983557e-05
1270	-1.198359e-05
1271	-1.1983622e-05
1272	-1.1983655e-05
1273	-1.1983687e-05
1274	-1.1983719e-05
1275	-1.1983751e-05
1276	-1.1983783e-05
1277	-1.1983814e-05
1278	-1.1983846e-05
1279	-1.1983877e-05
1280	-1.1983908e-05
1281	-1.1983939e-05
1282	-1.198397e-05
1283	-1.1984001e-05
1284	-1.1984031e-05
1285	-1.1984061e-05
1286	-1.1984091e-05
1287	-1.1984121e-05
1288	-1.1984151e-05
1289	-1.1984181e-05
1290	-1.1984211e-05
1291	-1.198424e-05
1292	-1.1984269e-05
1293	-1.1984298e-05
1294	-1.1984327e-05
1295	-1.1984356e-05
1296	-1.1984385e-05
1297	-1.1984413e-05
1298	-1.1984442e-05
1299	-1.198447e-05
1300	-1.1984498e-05
1301	-1.1984526e-05
1302	-1.1984553e-05
1303	-1.1984581e-05
1304	-1.1984609e-05
1305	-1.1984636e-05
1306	-1.1984663e-05
1307	-1.198469e-05
1308	-1.1984717e-05
1309	-1.1984744e-05
1310	-1.1984771e-05
1311	-1.1984797e-05
1312	-1.1984823e-05
1313	-1.198485e-05
1314	-1.1984876e-05
1315	-1.1984902e-05
1316	-1.1984928e-05
1317	-1.1984953e-05
1318	-1.1984979e-05
1319	-1.1985004e-05
1320	-1.198503e-05
1321	-1.1985055e-05
1322	-1.198508e-05
1323	-1.1985105e-05
1324	-1.1985129e-05
1325	-1.1985154e-05
1326	-1.1985179e-05
1327	-1.1985203e-05
1328	-1.1985227e-05
1329	-1.1985251e-05
1330	-1.1985275e-05
1331	-1.1985299e-05
1332	-1.1985323e-05
1333	-1.1985347e-05
1334	-1.198537e-05
1335	-1.1985394e-05
1336	-1.1985417e-05
1337	-1.198544e-05
1338	-1.1985463e-05
1339	-1.1985486e-05
1340	-1.1985509e-05
1341	-1.1985532e-05
1342	-1.1985554e-05
1343	-1.1985577e-05
1344	-1.1985599e-05
1345	-1.1985621e-05
1346	-1.1985643e-05
1347	-1.1985665e-05
1348	-1.1985687e-05
1349	-1.1985709e-05
1350	-1.1985731e-05
1351	-1.1985752e-05
1352	-1.1985774e-05
1353	-1.1985795e-05
1354	-1.1985816e-05
1355	-1.1985837e-05
1356	-1.1985858e-05
1357	-1.1985879e-05
1358	-1.19859e-05
1359	-1.1985921e-05
1360	-1.1985941e-05
1361	-1.1985962e-05
1362	-1.1985982e-05
1363	-1.1986002e-05
1364	-1.1986022e-05
1365	-1.1986042e-05
1366	-1.1986062e-05
1367	-1.1986082e-05
1368	-1.1986102e-05
1369	-1.1986122e-05
1370	-1.1986141e-05
1371	-1.1986161e-05
1372	-1.198618e-05
1373	-1.1986199e-05
1374	-1.1986218e-05
1375	-1.1986237e-05
1376	-1.1986256e-05
1377	-1.1986275e-05
1378	-1.1986294e-05
1379	-1.1986312e-05
1380	-1.1986331e-05
1381	-1.1986349e-05
1382	-1.1986368e-05
1383	-1.1986386e-05
1384	-1.1986404e-05
1385	-1.1986422e-05
1386	-1.198644e-05
1387	-1.1986458e-05
1388	-1.1986476e-05
1389	-1.1986494e-05
1390	-1.1986511e-05
1391	-1.1986529e-05
1392	-1.1986546e-05
1393	-1.1986564e-05
1394	-1.1986581e-05
1395	-1.1986598e-05
1396	-1.1986615e-05
1397	-1.1986632e-05
1398	-1.1986649e-05
1399	-1.1986666e-05
1400	-1.1986682e-05
1401	-1.1986699e-05
1402	-1.1986716e-05
1403	-1.1986732e-05
1404	-1.1986748e-05
1405	-1.1986765e-05
1406	-1.1986781e-05
1407	-1.1986797e-05
1408	-1.1986813e-05
1409	-1.1986829e-05
1410	-1.1986845e-05
1411	-1.1986861e-05
1412	-1.1986877e-05
1413	-1.1986892e-05
1414	-1.1986908e-05
1415	-1.1986923e-05
1416	-1.1986939e-05
1417	-1.1986954e-05
1418	-1.1986969e-05
1419	-1.1986984e-05
1420	-1.1986999e-05
1421	-1.1987014e-05
1422	-1.1987029e-05
1423	-1.1987044e-05
1424	-1.1987059e-05
1425	-1.1987074e-05
1426	-1.1987088e-05
1427	-1.1987103e-05
1428	-1.1987117e-05
1429	-1.1987132e-05
1430	-1.1987146e-05
1431	-1.198716e-05
1432	-1.1987174e-05
1433	-1.1987188e-05
1434	-1.1987203e-05
1435	-1.1987216e-05
1436	-1.198723e-05
1437	-1.1987244e-05
1438	-1.1987258e-05
1439	-1.1987272e-05
1440	-1.1987285e-05
1441	-1.1987299e-05
1442	-1.1987312e-05
1443	-1.1987326e-05
1444	-1.1987339e-05
1445	-1.1987352e-05
1446	-1.1987365e-05
1447	-1.1987378e-05
1448	-1.1987391e-05
1449	-1.1987404e-05
1450	-1.1987417e-05
1451	-1.198743e-05
1452	-1.1987443e-05
1453	-1.1987456e-05
1454	-1.1987468e-05
1455	-1.1987481e-05
1456	-1.1987493e-05
1457	-1.1987506e-05
1458	-1.1987518e-05
1459	-1.1987531e-05
1460	-1.1987543e-05
1461	-1.1987555e-05
1462	-1.1987567e-05
1463	-1.1987579e-05
1464	-1.1987591e-05
1465	-1.1987603e-05
1466	-1.1987615e-05
1467	-1.1987627e-05
1468	-1.1987639e-05
1469	-1.198765e-05
1470	-1.1987662e-05
1471	-1.1987674e-05
1472	-1.1987685e-05
1473	-1.1987697e-05
1474	-1.1987708e-05
1475	-1.1987719e-05
1476	-1.1987731e-05
1477	-1.1987742e-05
1478	-1.1987753e-05
1479	-1.1987764e-05
1480	-1.1987775e-05
1481	-1.1987786e-05
1482	-1.1987797e-05
1483	-1.1987808e-05
1484	-1.1987819e-05
1485	-1.198783e-05
1486	-1.198784e-05
1487	-1.1987851e-05
1488	-1.1987862e-05
1489	-1.1987872e-05
1490	-1.1987883e-05
1491	-1.1987893e-05
1492	-1.1987904e-05
1493	-1.1987914e-05
1494	-1.1987924e-05
1495	-1.1987934e-05
1496	-1.1987945e-05
1497	-1.1987955e-05
1498	-1.1987965e-05
1499	-1.1987975e-05
1500	-1.1987985e-05
1501	-1.1987995e-05
1502	-1.1988005e-05
1503	-1.1988014e-05
1504	-1.1988024e-05
1505	-1.1988034e-05
1506	-1.1988044e-05
1507	-1.1988053e-05
1508	-1.1988063e-05
1509	-1.1988072e-05
1510	-1.1988082e-05
1511	-1.1988091e-05
1512	-1.19881e-05
1513	-1.198811e-05
1514	-1.1988119e-05
1515	-1.1988128e-05
1516	-1.1988137e-05
1517	-1.1988147e-05
1518	-1.1988156e-05
1519	-1.1988165e-05
1520	-1.1988174e-05
1521	-1.1988183e-05
1522	-1.1988192e-05
1523	-1.19882e-05
1524	-1.1988209e-05
1525	-1.1988218e-05
1526	-1.1988227e-05
1527	-1.1988235e-05
1528	-1.1988244e-05
1529	-1.1988253e-05
1530	-1.1988261e-05
1531	-1.198827e-05
1532	-1.1988278e-05
1533	-1.1988286e-05
1534	-1.1988295e-05
1535	-1.1988303e-05
1536	-1.1988311e-05
1537	-1.198832e-05
1538	-1.1988328e-05
1539	-1.1988336e-05
1540	-1.1988344e-05
1541	-1.1988352e-05
1542	-1.198836e-05
1543	-1.1988368e-05
1544	-1.1988376e-05
1545	-1.1988384e-05
1546	-1.1988392e-05
1547	-1.19884e-05
1548	-1.1988407e-05
1549	-1.1988415e-05
1550	-1.1988423e-05
1551	-1.1988431e-05
1552	-1.1988438e-05
1553	-1.1988446e-05
1554	-1.1988453e-05
1555	-1.1988461e-05
1556	-1.1988468e-05
1557	-1.1988476e-05
1558	-1.1988483e-05
1559	-1.198849e-05
1560	-1.1988498e-05
1561	-1.1988505e-05
1562	-1.1988512e-05
1563	-1.1988519e-05
1564	-1.1988527e-05
1565	-1.1988534e-05
1566	-1.1988541e-05
1567	-1.1988548e-05
1568	-1.1988555e-05
1569	-1.1988562e-05
1570	-1.1988569e-05
1571	-1.1988576e-05
1572	-1.1988583e-05
1573	-1.1988589e-05
1574	-1.1988596e-05
1575	-1.1988603e-05
1576	-1.198861e-05
1577	-1.1988616e-05
1578	-1.1988623e-05
1579	-1.198863e-05
1580	-1.1988636e-05
1581	-1.1988643e-05
1582	-1.1988649e-05
1583	-1.1988656e-05
1584	-1.1988662e-05
1585	-1.1988669e-05
1586	-1.1988675e-05
1587	-1.1988682e-05
1588	-1.1988688e-05
1589	-1.1988694e-05
1590	-1.19887e-05
1591	-1.1988707e-05
1592	-1.1988713e-05
1593	-1.1988719e-05
1594	-1.1988725e-05
1595	-1.1988731e-05
1596	-1.1988737e-05
1597	-1.1988743e-05
1598	-1.1988749e-05
1599	-1.1988755e-05
1600	-1.1988761e-05
1601	-1.1988767e-05
1602	-1.1988773e-05
1603	-1.1988779e-05
1604	-1.1988785e-05
1605	-1.1988791e-05
1606	-1.1988796e-05
1607	-1.1988802e-05
1608	-1.1988808e-05
1609	-1.1988813e-05
1610	-1.1988819e-05
1611	-1.1988825e-05
1612	-1.198883e-05
1613	-1.1988836e-05
1614	-1.1988841e-05
1615	-1.1988847e-05
1616	-1.1988852e-05
1617	-1.1988858e-05
1618	-1.1988863e-05
1619	-1.1988869e-05
1620	-1.1988874e-05
1621	-1.1988879e-05
1622	-1.1988885e-05
1623	-1.198889e-05
1624	-1.1988895e-05
1625	-1.19889e-05
1626	-1.1988906e-05
1627	-1.1988911e-05
1628	-1.1988916e-05
1629	-1.1988921e-05
1630	-1.1988926e-05
1631	-1.1988931e-05
1632	-1.1988936e-05
1633	-1.1988941e-05
1634	-1.1988946e-05
1635	-1.1988951e-05
1636	-1.1988956e-05
1637	-1.1988961e-05
1638	-1.1988966e-05
1639	-1.1988971e-05
1640	-1.1988976e-05
1641	-1.198898e-05
1642	-1.1988985e-05
1643	-1.198899e-05
1644	-1.1988995e-05
1645	-1.1988999e-05
1646	-1.1989004e-05
1647	-1.1989009e-05
1648	-1.1989013e-05
1649	-1.1989018e-05
1650	-1.1989023e-05
1651	-1.1989027e-05
1652	-1.1989032e-05
1653	-1.1989036e-05
1654	-1.1989041e-05
1655	-1.1989045e-05
1656	-1.198905e-05
1657	-1.1989054e-05
1658	-1.1989059e-05
1659	-1.1989063e-05
1660	-1.1989067e-05
1661	-1.1989072e-05
1662	-1.1989076e-05
1663	-1.198908e-05
1664	-1.1989085e-05
1665	-1.1989089e-05
1666	-1.1989093e-05
1667	-1.1989097e-05
1668	-1.1989101e-05
1669	-1.1989106e-05
1670	-1.198911e-05
1671	-1.1989114e-05
1672	-1.1989118e-05
1673	-1.1989122e-05
1674	-1.1989126e-05
1675	-1.198913e-05
1676	-1.1989134e-05
1677	-1.1989138e-05
1678	-1.1989142e-05
1679	-1.1989146e-05
1680	-1.198915e-05
1681	-1.1989154e-05
1682	-1.1989158e-05
1683	-1.1989162e-05
1684	-1.1989166e-05
1685	-1.1989169e-05
1686	-1.1989173e-05
1687	-1.1989177e-05
1688	-1.1989181e-05
1689	-1.1989185e-05
1690	-1.1989188e-05
1691	-1.1989192e-05
1692	-1.1989196e-05
1693	-1.1989199e-05
1694	-1.1989203e-05
1695	-1.1989207e-05
1696	-1.198921e-05
1697	-1.1989214e-05
1698	-1.1989217e-05
1699	-1.1989221e-05
1700	-1.1989225e-05
1701	-1.1989228e-05
1702	-1.1989232e-05
1703	-1.1989235e-05
1704	-1.1989239e-05
1705	-1.1989242e-05
1706	-1.1989245e-05
1707	-1.1989249e-05
1708	-1.1989252e-05
1709	-1.1989256e-05
1710	-1.1989259e-05
1711	-1.1989262e-05
1712	-1.1989266e-05
1713	-1.1989269e-05
1714	-1.1989272e-05
1715	-1.1989276e-05
1716	-1.1989279e-05
1717	-1.1989282e-05
1718	-1.1989285e-05
1719	-1.1989289e-05
1720	-1.1989292e-05
1721	-1.1989295e-05
1722	-1.1989298e-05
1723	-1.1989301e-05
1724	-1.1989304e-05
1725	-1.1989308e-05
1726	-1.1989311e-05
1727	-1.1989314e-05
1728	-1.1989317e-05
1729	-1.198932e-05
1730	-1.1989323e-05
1731	-1.1989326e-05
1732	-1.1989329e-05
1733	-1.1989332e-05
1734	-1.1989335e-05
1735	-1.1989338e-05
1736	-1.1989341e-05
1737	-1.1989344e-05
1738	-1.1989347e-05
1739	-1.198935e-05
1740	-1.1989352e-05
1741	-1.1989355e-05
1742	-1.1989358e-05
1743	-1.1989361e-05
1744	-1.1989364e-05
1745	-1.1989367e-05
1746	-1.1989369e-05
1747	-1.1989372e-05
1748	-1.1989375e-05
1749	-1.1989378e-05
1750	-1.1989381e-05
1751	-1.1989383e-05
1752	-1.1989386e-05
1753	-1.1989389e-05
1754	-1.1989391e-05
1755	-1.1989394e-05
1756	-1.1989397e-05
1757	-1.1989399e-05
1758	-1.1989402e-05
1759	-1.1989405e-05
1760	-1.1989407e-05
1761	-1.198941e-05
1762	-1.1989412e-05
1763	-1.1989415e-05
1764	-1.1989417e-05
1765	-1.198942e-05
1766	-1.1989423e-05
1767	-1.1989425e-05
1768	-1.1989428e-05
1769	-1.198943e-05
1770	-1.1989432e-05
1771	-1.1989435e-05
1772	-1.1989437e-05
1773	-1.198944e-05
1774	-1.1989442e-05
1775	-1.1989445e-05
1776	-1.1989447e-05
1777	-1.1989449e-05
1778	-1.1989452e-05
1779	-1.1989454e-05
1780	-1.1989457e-05
1781	-1.1989459e-05
1782	-1.1989461e-05
1783	-1.1989463e-05
1784	-1.1989466e-05
1785	-1.1989468e-05
1786	-1.198947e-05
1787	-1.1989473e-05
1788	-1.1989475e-05
1789	-1.1989477e-05
1790	-1.1989479e-05
1791	-1.1989482e-05
1792	-1.1989484e-05
1793	-1.1989486e-05
1794	-1.1989488e-05
1795	-1.198949e-05
1796	-1.1989492e-05
1797	-1.1989495e-05
1798	-1.1989497e-05
1799	-1.1989499e-05
1800	-1.1989501e-05
1801	-1.1989503e-05
1802	-1.1989505e-05
1803	-1.1989507e-05
1804	-1.1989509e-05
1805	-1.1989511e-05
1806	-1.1989514e-05
1807	-1.1989516e-05
1808	-1.1989518e-05
1809	-1.198952e-05
1810	-1.1989522e-05
1811	-1.1989524e-05
1812	-1.1989526e-05
1813	-1.1989528e-05
1814	-1.198953e-05
1815	-1.1989532e-05
1816	-1.1989533e-05
1817	-1.1989535e-05
1818	-1.1989537e-05
1819	-1.1989539e-05
1820	-1.1989541e-05
1821	-1.1989543e-05
1822	-1.1989545e-05
1823	-1.1989547e-05
1824	-1.1989549e-05
1825	-1.1989551e-05
1826	-1.1989552e-05
1827	-1.1989554e-05
1828	-1.1989556e-05
1829	-1.1989558e-05
1830	-1.198956e-05
1831	-1.1989562e-05
1832	-1.1989563e-05
1833	-1.1989565e-05
1834	-1.1989567e-05
1835	-1.1989569e-05
1836	-1.198957e-05
1837	-1.1989572e-05
1838	-1.1989574e-05
1839	-1.1989576e-05
1840	-1.1989577e-05
1841	-1.1989579e-05
1842	-1.1989581e-05
1843	-1.1989583e-05
1844	-1.1989584e-05
1845	-1.1989586e-05
1846	-1.1989588e-05
1847	-1.1989589e-05
1848	-1.1989591e-05
1849	-1.1989592e-05
1850	-1.1989594e-05
1851	-1.1989596e-05
1852	-1.1989597e-05
1853	-1.1989599e-05
1854	-1.1989601e-05
1855	-1.1989602e-05
1856	-1.1989604e-05
1857	-1.1989605e-05
1858	-1.1989607e-05
1859	-1.1989608e-05
1860	-1.198961e-05
1861	-1.1989612e-05
1862	-1.1989613e-05
1863	-1.1989615e-05
1864	-1.1989616e-05
1865	-1.1989618e-05
1866	-1.1989619e-05
1867	-1.1989621e-05
1868	-1.1989622e-05
1869	-1.1989624e-05
1870	-1.1989625e-05
1871	-1.1989627e-05
1872	-1.1989628e-05
1873	-1.198963e-05
1874	-1.1989631e-05
1875	-1.1989632e-05
1876	-1.1989634e-05
1877	-1.1989635e-05
1878	-1.1989637e-05
1879	-1.1989638e-05
1880	-1.198964e-05
1881	-1.1989641e-05
1882	-1.1989642e-05
1883	-1.1989644e-05
1884	-1.1989645e-05
1885	-1.1989646e-05
1886	-1.1989648e-05
1887	-1.1989649e-05
1888	-1.198965e-05
1889	-1.1989652e-05
1890	-1.1989653e-05
1891	-1.1989654e-05
1892	-1.1989656e-05
1893	-1.1989657e-05
1894	-1.1989658e-05
1895	-1.198966e-05
1896	-1.1989661e-05
1897	-1.1989662e-05
1898	-1.1989664e-05
1899	-1.1989665e-05
1900	-1.1989666e-05
1901	-1.1989667e-05
1902	-1.1989669e-05
1903	-1.198967e-05
1904	-1.1989671e-05
1905	-1.1989672e-05
1906	-1.1989674e-05
1907	-1.1989675e-05
1908	-1.1989676e-05
1909	-1.1989677e-05
1910	-1.1989678e-05
1911	-1.198968e-05
