1	0.54499728
2	0.48310776
3	0.43664517
4	0.4007631
5	0.37233335
6	0.34928903
7	0.33023242
8	0.31419637
9	0.3004967
10	0.28863889
11	0.27825827
12	0.2690808
13	0.26089685
14	0.25354354
15	0.24689236
16	0.24084058
17	0.23530505
18	0.23021775
19	0.2255224
20	0.22117206
21	0.21712723
22	0.2133544
23	0.20982493
24	0.20651423
25	0.203401
26	0.20046673
27	0.19769521
28	0.19507222
29	0.1925852
30	0.19022302
31	0.18797578
32	0.18583462
33	0.18379162
34	0.18183966
35	0.17997229
36	0.17818372
37	0.17646865
38	0.1748223
39	0.17324029
40	0.17171863
41	0.17025366
42	0.16884202
43	0.16748062
44	0.16616663
45	0.1648974
46	0.16367052
47	0.16248373
48	0.16133495
49	0.16022224
50	0.1591438
51	0.15809794
52	0.15708309
53	0.1560978
54	0.15514068
55	0.15421046
56	0.15330593
57	0.15242595
58	0.15156948
59	0.15073549
60	0.14992306
61	0.1491313
62	0.14835936
63	0.14760645
64	0.14687183
65	0.14615479
66	0.14545466
67	0.1447708
68	0.1441026
69	0.14344951
70	0.14281096
71	0.14218645
72	0.14157548
73	0.14097759
74	0.14039232
75	0.13981926
76	0.139258
77	0.13870814
78	0.13816933
79	0.1376412
80	0.13712343
81	0.13661567
82	0.13611764
83	0.13562902
84	0.13514954
85	0.13467892
86	0.13421691
87	0.13376325
88	0.1333177
89	0.13288003
90	0.13245002
91	0.13202745
92	0.13161212
93	0.13120384
94	0.1308024
95	0.13040764
96	0.13001936
97	0.12963741
98	0.12926162
99	0.12889183
100	0.12852788
101	0.12816964
102	0.12781695
103	0.12746969
104	0.12712771
105	0.1267909
106	0.12645912
107	0.12613226
108	0.1258102
109	0.12549283
110	0.12518003
111	0.12487172
112	0.12456777
113	0.12426811
114	0.12397262
115	0.12368121
116	0.12339381
117	0.12311031
118	0.12283064
119	0.12255471
120	0.12228244
121	0.12201376
122	0.12174859
123	0.12148686
124	0.1212285
125	0.12097344
126	0.1207216
127	0.12047294
128	0.12022738
129	0.11998486
130	0.11974532
131	0.11950871
132	0.11927496
133	0.11904403
134	0.11881586
135	0.11859039
136	0.11836758
137	0.11814737
138	0.11792972
139	0.11771458
140	0.11750191
141	0.11729166
142	0.11708378
143	0.11687823
144	0.11667498
145	0.11647398
146	0.1162752
147	0.11607858
148	0.1158841
149	0.11569172
150	0.11550141
151	0.11531312
152	0.11512683
153	0.1149425
154	0.11476009
155	0.11457958
156	0.11440094
157	0.11422413
158	0.11404912
159	0.1138759
160	0.11370441
161	0.11353465
162	0.11336658
163	0.11320017
164	0.11303541
165	0.11287225
166	0.11271069
167	0.11255069
168	0.11239223
169	0.11223529
170	0.11207984
171	0.11192586
172	0.11177333
173	0.11162223
174	0.11147254
175	0.11132423
176	0.11117729
177	0.1110317
178	0.11088743
179	0.11074447
180	0.11060279
181	0.11046239
182	0.11032324
183	0.11018533
184	0.11004863
185	0.10991313
186	0.10977882
187	0.10964567
188	0.10951368
189	0.10938282
190	0.10925309
191	0.10912446
192	0.10899691
193	0.10887045
194	0.10874505
195	0.10862069
196	0.10849737
197	0.10837507
198	0.10825377
199	0.10813347
200	0.10801416
201	0.10789581
202	0.10777841
203	0.10766196
204	0.10754644
205	0.10743185
206	0.10731816
207	0.10720537
208	0.10709346
209	0.10698243
210	0.10687227
211	0.10676296
212	0.10665449
213	0.10654685
214	0.10644004
215	0.10633405
216	0.10622885
217	0.10612445
218	0.10602084
219	0.105918
220	0.10581593
221	0.10571461
222	0.10561405
223	0.10551422
224	0.10541512
225	0.10531675
226	0.10521909
227	0.10512214
228	0.10502589
229	0.10493032
230	0.10483544
231	0.10474124
232	0.1046477
233	0.10455482
234	0.1044626
235	0.10437102
236	0.10428008
237	0.10418977
238	0.10410009
239	0.10401102
240	0.10392257
241	0.10383472
242	0.10374746
243	0.1036608
244	0.10357473
245	0.10348923
246	0.10340431
247	0.10331996
248	0.10323616
249	0.10315293
250	0.10307024
251	0.10298809
252	0.10290649
253	0.10282541
254	0.10274487
255	0.10266484
256	0.10258534
257	0.10250634
258	0.10242785
259	0.10234987
260	0.10227237
261	0.10219537
262	0.10211886
263	0.10204283
264	0.10196727
265	0.10189219
266	0.10181758
267	0.10174343
268	0.10166973
269	0.10159649
270	0.1015237
271	0.10145136
272	0.10137946
273	0.10130799
274	0.10123696
275	0.10116636
276	0.10109618
277	0.10102642
278	0.10095708
279	0.10088815
280	0.10081963
281	0.10075152
282	0.1006838
283	0.10061649
284	0.10054957
285	0.10048304
286	0.1004169
287	0.10035114
288	0.10028576
289	0.10022076
290	0.10015613
291	0.10009187
292	0.10002798
293	0.099964449
294	0.09990128
295	0.099838469
296	0.099776011
297	0.099713904
298	0.099652145
299	0.09959073
300	0.099529657
301	0.099468922
302	0.099408524
303	0.099348458
304	0.099288723
305	0.099229314
306	0.09917023
307	0.099111468
308	0.099053024
309	0.098994897
310	0.098937084
311	0.098879581
312	0.098822387
313	0.098765498
314	0.098708913
315	0.098652629
316	0.098596643
317	0.098540952
318	0.098485555
319	0.098430449
320	0.098375631
321	0.0983211
322	0.098266853
323	0.098212887
324	0.098159201
325	0.098105792
326	0.098052657
327	0.097999796
328	0.097947205
329	0.097894882
330	0.097842825
331	0.097791033
332	0.097739503
333	0.097688233
334	0.09763722
335	0.097586464
336	0.097535962
337	0.097485712
338	0.097435711
339	0.097385959
340	0.097336453
341	0.097287192
342	0.097238173
343	0.097189394
344	0.097140854
345	0.097092552
346	0.097044484
347	0.09699665
348	0.096949048
349	0.096901675
350	0.096854531
351	0.096807613
352	0.09676092
353	0.09671445
354	0.096668202
355	0.096622173
356	0.096576363
357	0.096530769
358	0.096485391
359	0.096440225
360	0.096395272
361	0.09635053
362	0.096305996
363	0.096261669
364	0.096217549
365	0.096173632
366	0.096129919
367	0.096086407
368	0.096043096
369	0.095999983
370	0.095957067
371	0.095914347
372	0.095871821
373	0.095829489
374	0.095787348
375	0.095745398
376	0.095703636
377	0.095662063
378	0.095620676
379	0.095579474
380	0.095538456
381	0.095497621
382	0.095456966
383	0.095416493
384	0.095376198
385	0.09533608
386	0.095296139
387	0.095256374
388	0.095216782
389	0.095177363
390	0.095138117
391	0.09509904
392	0.095060133
393	0.095021395
394	0.094982824
395	0.094944418
396	0.094906178
397	0.094868102
398	0.094830188
399	0.094792436
400	0.094754845
401	0.094717414
402	0.094680141
403	0.094643025
404	0.094606066
405	0.094569263
406	0.094532614
407	0.094496119
408	0.094459776
409	0.094423585
410	0.094387544
411	0.094351653
412	0.094315911
413	0.094280316
414	0.094244868
415	0.094209566
416	0.094174409
417	0.094139395
418	0.094104525
419	0.094069797
420	0.094035211
421	0.094000765
422	0.093966458
423	0.09393229
424	0.09389826
425	0.093864367
426	0.09383061
427	0.093796988
428	0.093763501
429	0.093730147
430	0.093696926
431	0.093663837
432	0.09363088
433	0.093598053
434	0.093565355
435	0.093532786
436	0.093500345
437	0.093468032
438	0.093435845
439	0.093403784
440	0.093371848
441	0.093340036
442	0.093308347
443	0.093276782
444	0.093245338
445	0.093214016
446	0.093182814
447	0.093151732
448	0.09312077
449	0.093089926
450	0.0930592
451	0.093028591
452	0.092998098
453	0.092967721
454	0.092937459
455	0.092907312
456	0.092877278
457	0.092847358
458	0.09281755
459	0.092787854
460	0.092758269
461	0.092728794
462	0.09269943
463	0.092670174
464	0.092641028
465	0.092611989
466	0.092583058
467	0.092554233
468	0.092525515
469	0.092496903
470	0.092468395
471	0.092439992
472	0.092411693
473	0.092383497
474	0.092355404
475	0.092327413
476	0.092299524
477	0.092271735
478	0.092244047
479	0.092216459
480	0.092188971
481	0.092161581
482	0.092134289
483	0.092107095
484	0.092079999
485	0.092052999
486	0.092026095
487	0.091999286
488	0.091972573
489	0.091945955
490	0.09191943
491	0.091893
492	0.091866662
493	0.091840417
494	0.091814264
495	0.091788202
496	0.091762232
497	0.091736352
498	0.091710563
499	0.091684863
500	0.091659252
501	0.09163373
502	0.091608296
503	0.09158295
504	0.091557692
505	0.09153252
506	0.091507435
507	0.091482436
508	0.091457522
509	0.091432693
510	0.091407949
511	0.09138329
512	0.091358714
513	0.091334221
514	0.091309811
515	0.091285484
516	0.091261239
517	0.091237075
518	0.091212993
519	0.091188992
520	0.091165071
521	0.09114123
522	0.091117469
523	0.091093786
524	0.091070183
525	0.091046658
526	0.091023211
527	0.090999842
528	0.09097655
529	0.090953335
530	0.090930196
531	0.090907133
532	0.090884146
533	0.090861235
534	0.090838398
535	0.090815636
536	0.090792948
537	0.090770335
538	0.090747794
539	0.090725327
540	0.090702932
541	0.09068061
542	0.09065836
543	0.090636182
544	0.090614075
545	0.090592039
546	0.090570074
547	0.09054818
548	0.090526355
549	0.0905046
550	0.090482914
551	0.090461297
552	0.090439749
553	0.090418269
554	0.090396858
555	0.090375514
556	0.090354237
557	0.090333028
558	0.090311885
559	0.090290809
560	0.090269798
561	0.090248854
562	0.090227975
563	0.090207161
564	0.090186412
565	0.090165728
566	0.090145108
567	0.090124552
568	0.09010406
569	0.090083631
570	0.090063265
571	0.090042962
572	0.090022722
573	0.090002543
574	0.089982427
575	0.089962373
576	0.089942379
577	0.089922447
578	0.089902576
579	0.089882765
580	0.089863014
581	0.089843324
582	0.089823693
583	0.089804122
584	0.08978461
585	0.089765156
586	0.089745762
587	0.089726426
588	0.089707147
589	0.089687927
590	0.089668765
591	0.089649659
592	0.089630611
593	0.08961162
594	0.089592685
595	0.089573807
596	0.089554985
597	0.089536218
598	0.089517507
599	0.089498852
600	0.089480252
601	0.089461706
602	0.089443215
603	0.089424779
604	0.089406396
605	0.089388068
606	0.089369793
607	0.089351572
608	0.089333404
609	0.089315289
610	0.089297227
611	0.089279217
612	0.08926126
613	0.089243354
614	0.089225501
615	0.089207699
616	0.089189949
617	0.08917225
618	0.089154601
619	0.089137004
620	0.089119457
621	0.08910196
622	0.089084514
623	0.089067117
624	0.089049771
625	0.089032473
626	0.089015225
627	0.088998026
628	0.088980876
629	0.088963775
630	0.088946722
631	0.088929717
632	0.088912761
633	0.088895852
634	0.088878991
635	0.088862177
636	0.088845411
637	0.088828692
638	0.088812019
639	0.088795394
640	0.088778815
641	0.088762282
642	0.088745795
643	0.088729354
644	0.088712959
645	0.08869661
646	0.088680306
647	0.088664047
648	0.088647833
649	0.088631664
650	0.088615539
651	0.088599459
652	0.088583424
653	0.088567432
654	0.088551484
655	0.088535581
656	0.08851972
657	0.088503903
658	0.08848813
659	0.088472399
660	0.088456712
661	0.088441067
662	0.088425464
663	0.088409904
664	0.088394386
665	0.088378911
666	0.088363477
667	0.088348085
668	0.088332734
669	0.088317425
670	0.088302157
671	0.08828693
672	0.088271744
673	0.088256599
674	0.088241495
675	0.08822643
676	0.088211407
677	0.088196423
678	0.088181479
679	0.088166575
680	0.088151711
681	0.088136886
682	0.088122101
683	0.088107355
684	0.088092648
685	0.088077979
686	0.08806335
687	0.088048759
688	0.088034207
689	0.088019693
690	0.088005217
691	0.087990779
692	0.087976379
693	0.087962017
694	0.087947693
695	0.087933406
696	0.087919156
697	0.087904943
698	0.087890768
699	0.087876629
700	0.087862528
701	0.087848463
702	0.087834434
703	0.087820442
704	0.087806486
705	0.087792566
706	0.087778682
707	0.087764833
708	0.087751021
709	0.087737244
710	0.087723503
711	0.087709797
712	0.087696126
713	0.08768249
714	0.087668889
715	0.087655323
716	0.087641791
717	0.087628294
718	0.087614832
719	0.087601404
720	0.087588009
721	0.087574649
722	0.087561323
723	0.087548031
724	0.087534773
725	0.087521548
726	0.087508356
727	0.087495198
728	0.087482073
729	0.087468981
730	0.087455922
731	0.087442896
732	0.087429902
733	0.087416941
734	0.087404013
735	0.087391117
736	0.087378254
737	0.087365422
738	0.087352623
739	0.087339855
740	0.08732712
741	0.087314416
742	0.087301744
743	0.087289103
744	0.087276493
745	0.087263915
746	0.087251368
747	0.087238852
748	0.087226367
749	0.087213913
750	0.08720149
751	0.087189097
752	0.087176735
753	0.087164403
754	0.087152101
755	0.08713983
756	0.087127589
757	0.087115378
758	0.087103197
759	0.087091045
760	0.087078923
761	0.087066831
762	0.087054769
763	0.087042735
764	0.087030731
765	0.087018757
766	0.087006811
767	0.086994894
768	0.086983007
769	0.086971148
770	0.086959318
771	0.086947516
772	0.086935743
773	0.086923998
774	0.086912282
775	0.086900594
776	0.086888934
777	0.086877302
778	0.086865698
779	0.086854122
780	0.086842574
781	0.086831054
782	0.086819561
783	0.086808095
784	0.086796657
785	0.086785246
786	0.086773863
787	0.086762507
788	0.086751177
789	0.086739875
790	0.0867286
791	0.086717351
792	0.086706129
793	0.086694934
794	0.086683765
795	0.086672623
796	0.086661507
797	0.086650417
798	0.086639354
799	0.086628316
800	0.086617305
801	0.086606319
802	0.08659536
803	0.086584426
804	0.086573518
805	0.086562636
806	0.086551779
807	0.086540947
808	0.086530141
809	0.08651936
810	0.086508605
811	0.086497874
812	0.086487169
813	0.086476488
814	0.086465833
815	0.086455202
816	0.086444596
817	0.086434014
818	0.086423458
819	0.086412925
820	0.086402417
821	0.086391934
822	0.086381475
823	0.08637104
824	0.086360629
825	0.086350242
826	0.086339879
827	0.08632954
828	0.086319225
829	0.086308934
830	0.086298666
831	0.086288422
832	0.086278201
833	0.086268004
834	0.086257831
835	0.08624768
836	0.086237553
837	0.086227449
838	0.086217368
839	0.08620731
840	0.086197276
841	0.086187264
842	0.086177275
843	0.086167308
844	0.086157365
845	0.086147444
846	0.086137545
847	0.086127669
848	0.086117816
849	0.086107984
850	0.086098176
851	0.086088389
852	0.086078624
853	0.086068882
854	0.086059161
855	0.086049463
856	0.086039786
857	0.086030132
858	0.086020499
859	0.086010887
860	0.086001298
861	0.08599173
862	0.085982183
863	0.085972658
864	0.085963154
865	0.085953672
866	0.08594421
867	0.08593477
868	0.085925351
869	0.085915954
870	0.085906577
871	0.085897221
872	0.085887886
873	0.085878572
874	0.085869278
875	0.085860006
876	0.085850754
877	0.085841522
878	0.085832311
879	0.085823121
880	0.08581395
881	0.085804801
882	0.085795671
883	0.085786562
884	0.085777473
885	0.085768404
886	0.085759355
887	0.085750326
888	0.085741317
889	0.085732328
890	0.085723359
891	0.085714409
892	0.08570548
893	0.08569657
894	0.085687679
895	0.085678808
896	0.085669957
897	0.085661125
898	0.085652312
899	0.085643519
900	0.085634745
901	0.08562599
902	0.085617254
903	0.085608538
904	0.08559984
905	0.085591162
906	0.085582502
907	0.085573862
908	0.08556524
909	0.085556637
910	0.085548053
911	0.085539487
912	0.08553094
913	0.085522412
914	0.085513902
915	0.085505411
916	0.085496938
917	0.085488483
918	0.085480047
919	0.085471629
920	0.08546323
921	0.085454848
922	0.085446485
923	0.08543814
924	0.085429812
925	0.085421503
926	0.085413212
927	0.085404938
928	0.085396683
929	0.085388445
930	0.085380225
931	0.085372023
932	0.085363838
933	0.085355671
934	0.085347521
935	0.085339389
936	0.085331274
937	0.085323177
938	0.085315097
939	0.085307035
940	0.085298989
941	0.085290961
942	0.085282951
943	0.085274957
944	0.08526698
945	0.08525902
946	0.085251078
947	0.085243152
948	0.085235243
949	0.085227351
950	0.085219476
951	0.085211618
952	0.085203776
953	0.085195951
954	0.085188143
955	0.085180351
956	0.085172576
957	0.085164817
958	0.085157075
959	0.085149349
960	0.08514164
961	0.085133947
962	0.08512627
963	0.085118609
964	0.085110965
965	0.085103337
966	0.085095725
967	0.085088129
968	0.085080549
969	0.085072985
970	0.085065437
971	0.085057905
972	0.085050388
973	0.085042888
974	0.085035403
975	0.085027934
976	0.085020481
977	0.085013044
978	0.085005622
979	0.084998215
980	0.084990825
981	0.084983449
982	0.084976089
983	0.084968745
984	0.084961416
985	0.084954102
986	0.084946804
987	0.084939521
988	0.084932253
989	0.084925
990	0.084917763
991	0.084910541
992	0.084903333
993	0.084896141
994	0.084888964
995	0.084881801
996	0.084874654
997	0.084867521
998	0.084860404
999	0.084853301
1000	0.084846213
1001	0.084839139
1002	0.084832081
1003	0.084825037
1004	0.084818007
1005	0.084810992
1006	0.084803992
1007	0.084797007
1008	0.084790035
1009	0.084783078
1010	0.084776136
1011	0.084769208
1012	0.084762294
1013	0.084755395
1014	0.08474851
1015	0.084741639
1016	0.084734782
1017	0.08472794
1018	0.084721111
1019	0.084714297
1020	0.084707497
1021	0.08470071
1022	0.084693938
1023	0.08468718
1024	0.084680435
1025	0.084673705
1026	0.084666988
1027	0.084660285
1028	0.084653596
1029	0.084646921
1030	0.084640259
1031	0.084633611
1032	0.084626977
1033	0.084620356
1034	0.084613749
1035	0.084607155
1036	0.084600575
1037	0.084594008
1038	0.084587455
1039	0.084580916
1040	0.084574389
1041	0.084567876
1042	0.084561376
1043	0.08455489
1044	0.084548417
1045	0.084541957
1046	0.08453551
1047	0.084529077
1048	0.084522656
1049	0.084516249
1050	0.084509854
1051	0.084503473
1052	0.084497105
1053	0.084490749
1054	0.084484407
1055	0.084478078
1056	0.084471761
1057	0.084465457
1058	0.084459166
1059	0.084452888
1060	0.084446623
1061	0.08444037
1062	0.08443413
1063	0.084427903
1064	0.084421688
1065	0.084415486
1066	0.084409296
1067	0.084403119
1068	0.084396955
1069	0.084390803
1070	0.084384663
1071	0.084378536
1072	0.084372421
1073	0.084366319
1074	0.084360229
1075	0.084354151
1076	0.084348086
1077	0.084342032
1078	0.084335991
1079	0.084329963
1080	0.084323946
1081	0.084317941
1082	0.084311949
1083	0.084305969
1084	0.0843
1085	0.084294044
1086	0.0842881
1087	0.084282168
1088	0.084276247
1089	0.084270339
1090	0.084264442
1091	0.084258558
1092	0.084252685
1093	0.084246824
1094	0.084240974
1095	0.084235137
1096	0.084229311
1097	0.084223497
1098	0.084217694
1099	0.084211903
1100	0.084206124
1101	0.084200357
1102	0.0841946
1103	0.084188856
1104	0.084183123
1105	0.084177401
1106	0.084171691
1107	0.084165992
1108	0.084160305
1109	0.084154629
1110	0.084148964
1111	0.084143311
1112	0.084137669
1113	0.084132038
1114	0.084126419
1115	0.084120811
1116	0.084115214
1117	0.084109628
1118	0.084104053
1119	0.084098489
1120	0.084092937
1121	0.084087395
1122	0.084081865
1123	0.084076345
1124	0.084070837
1125	0.084065339
1126	0.084059853
1127	0.084054377
1128	0.084048912
1129	0.084043458
1130	0.084038015
1131	0.084032583
1132	0.084027162
1133	0.084021751
1134	0.084016351
1135	0.084010962
1136	0.084005583
1137	0.084000215
1138	0.083994858
1139	0.083989512
1140	0.083984176
1141	0.08397885
1142	0.083973535
1143	0.083968231
1144	0.083962937
1145	0.083957654
1146	0.083952381
1147	0.083947119
1148	0.083941867
1149	0.083936625
1150	0.083931394
1151	0.083926173
1152	0.083920962
1153	0.083915762
1154	0.083910572
1155	0.083905392
1156	0.083900222
1157	0.083895063
1158	0.083889914
1159	0.083884775
1160	0.083879646
1161	0.083874527
1162	0.083869418
1163	0.08386432
1164	0.083859231
1165	0.083854153
1166	0.083849084
1167	0.083844025
1168	0.083838977
1169	0.083833938
1170	0.083828909
1171	0.083823891
1172	0.083818882
1173	0.083813882
1174	0.083808893
1175	0.083803914
1176	0.083798944
1177	0.083793984
1178	0.083789034
1179	0.083784093
1180	0.083779163
1181	0.083774241
1182	0.08376933
1183	0.083764428
1184	0.083759536
1185	0.083754653
1186	0.08374978
1187	0.083744917
1188	0.083740063
1189	0.083735218
1190	0.083730384
1191	0.083725558
1192	0.083720742
1193	0.083715935
1194	0.083711138
1195	0.08370635
1196	0.083701572
1197	0.083696803
1198	0.083692043
1199	0.083687293
1200	0.083682552
1201	0.08367782
1202	0.083673097
1203	0.083668384
1204	0.083663679
1205	0.083658984
1206	0.083654299
1207	0.083649622
1208	0.083644954
1209	0.083640296
1210	0.083635646
1211	0.083631006
1212	0.083626375
1213	0.083621753
1214	0.083617139
1215	0.083612535
1216	0.08360794
1217	0.083603354
1218	0.083598776
1219	0.083594208
1220	0.083589648
1221	0.083585098
1222	0.083580556
1223	0.083576023
1224	0.083571499
1225	0.083566983
1226	0.083562477
1227	0.083557979
1228	0.08355349
1229	0.08354901
1230	0.083544538
1231	0.083540075
1232	0.083535621
1233	0.083531175
1234	0.083526738
1235	0.08352231
1236	0.08351789
1237	0.083513479
1238	0.083509076
1239	0.083504682
1240	0.083500297
1241	0.08349592
1242	0.083491551
1243	0.083487191
1244	0.083482839
1245	0.083478496
1246	0.083474161
1247	0.083469835
1248	0.083465517
1249	0.083461207
1250	0.083456906
1251	0.083452613
1252	0.083448329
1253	0.083444052
1254	0.083439784
1255	0.083435524
1256	0.083431273
1257	0.083427029
1258	0.083422794
1259	0.083418567
1260	0.083414349
1261	0.083410138
1262	0.083405935
1263	0.083401741
1264	0.083397555
1265	0.083393377
1266	0.083389207
1267	0.083385045
1268	0.083380891
1269	0.083376745
1270	0.083372607
1271	0.083368477
1272	0.083364355
1273	0.083360241
1274	0.083356135
1275	0.083352036
1276	0.083347946
1277	0.083343864
1278	0.083339789
1279	0.083335722
1280	0.083331664
1281	0.083327613
1282	0.083323569
1283	0.083319534
1284	0.083315506
1285	0.083311486
1286	0.083307474
1287	0.08330347
1288	0.083299473
1289	0.083295484
1290	0.083291503
1291	0.083287529
1292	0.083283563
1293	0.083279605
1294	0.083275654
1295	0.083271711
1296	0.083267775
1297	0.083263847
1298	0.083259927
1299	0.083256014
1300	0.083252108
1301	0.08324821
1302	0.08324432
1303	0.083240437
1304	0.083236561
1305	0.083232693
1306	0.083228833
1307	0.08322498
1308	0.083221134
1309	0.083217295
1310	0.083213464
1311	0.083209641
1312	0.083205824
1313	0.083202015
1314	0.083198213
1315	0.083194419
1316	0.083190632
1317	0.083186852
1318	0.083183079
1319	0.083179314
1320	0.083175556
1321	0.083171805
1322	0.083168061
1323	0.083164324
1324	0.083160595
1325	0.083156872
1326	0.083153157
1327	0.083149449
1328	0.083145748
1329	0.083142054
1330	0.083138367
1331	0.083134688
1332	0.083131015
1333	0.083127349
1334	0.083123691
1335	0.083120039
1336	0.083116394
1337	0.083112756
1338	0.083109126
1339	0.083105502
1340	0.083101885
1341	0.083098275
1342	0.083094672
1343	0.083091076
1344	0.083087486
1345	0.083083904
1346	0.083080328
1347	0.08307676
1348	0.083073198
1349	0.083069643
1350	0.083066094
1351	0.083062553
1352	0.083059018
1353	0.08305549
1354	0.083051968
1355	0.083048454
1356	0.083044946
1357	0.083041445
1358	0.08303795
1359	0.083034462
1360	0.083030981
1361	0.083027506
1362	0.083024039
1363	0.083020577
1364	0.083017122
1365	0.083013674
1366	0.083010233
1367	0.083006798
1368	0.083003369
1369	0.082999947
1370	0.082996532
1371	0.082993123
1372	0.082989721
1373	0.082986325
1374	0.082982935
1375	0.082979552
1376	0.082976176
1377	0.082972806
1378	0.082969442
1379	0.082966085
1380	0.082962734
1381	0.082959389
1382	0.082956051
1383	0.082952719
1384	0.082949394
1385	0.082946075
1386	0.082942762
1387	0.082939456
1388	0.082936155
1389	0.082932861
1390	0.082929574
1391	0.082926292
1392	0.082923017
1393	0.082919748
1394	0.082916486
1395	0.082913229
1396	0.082909979
1397	0.082906734
1398	0.082903496
1399	0.082900265
1400	0.082897039
1401	0.082893819
1402	0.082890606
1403	0.082887399
1404	0.082884197
1405	0.082881002
1406	0.082877813
1407	0.08287463
1408	0.082871453
1409	0.082868282
1410	0.082865117
1411	0.082861958
1412	0.082858805
1413	0.082855658
1414	0.082852517
1415	0.082849382
1416	0.082846253
1417	0.08284313
1418	0.082840013
1419	0.082836901
1420	0.082833796
1421	0.082830696
1422	0.082827603
1423	0.082824515
1424	0.082821433
1425	0.082818357
1426	0.082815287
1427	0.082812222
1428	0.082809164
1429	0.082806111
1430	0.082803064
1431	0.082800023
1432	0.082796987
1433	0.082793957
1434	0.082790933
1435	0.082787915
1436	0.082784903
1437	0.082781896
1438	0.082778895
1439	0.082775899
1440	0.082772909
1441	0.082769925
1442	0.082766947
1443	0.082763974
1444	0.082761007
1445	0.082758045
1446	0.082755089
1447	0.082752139
1448	0.082749194
1449	0.082746255
1450	0.082743321
1451	0.082740393
1452	0.08273747
1453	0.082734553
1454	0.082731642
1455	0.082728736
1456	0.082725835
1457	0.08272294
1458	0.08272005
1459	0.082717166
1460	0.082714288
1461	0.082711414
1462	0.082708547
1463	0.082705684
1464	0.082702827
1465	0.082699976
1466	0.08269713
1467	0.082694289
1468	0.082691453
1469	0.082688623
1470	0.082685799
1471	0.082682979
1472	0.082680165
1473	0.082677357
1474	0.082674553
1475	0.082671755
1476	0.082668962
1477	0.082666175
1478	0.082663392
1479	0.082660615
1480	0.082657843
1481	0.082655077
1482	0.082652315
1483	0.082649559
1484	0.082646808
1485	0.082644063
1486	0.082641322
1487	0.082638587
1488	0.082635856
1489	0.082633131
1490	0.082630411
1491	0.082627697
1492	0.082624987
1493	0.082622282
1494	0.082619583
1495	0.082616889
1496	0.082614199
1497	0.082611515
1498	0.082608836
1499	0.082606162
1500	0.082603493
1501	0.082600829
1502	0.08259817
1503	0.082595516
1504	0.082592867
1505	0.082590223
1506	0.082587584
1507	0.08258495
1508	0.082582321
1509	0.082579696
1510	0.082577077
1511	0.082574463
1512	0.082571854
1513	0.082569249
1514	0.08256665
1515	0.082564055
1516	0.082561466
1517	0.082558881
1518	0.082556301
1519	0.082553726
1520	0.082551155
1521	0.08254859
1522	0.082546029
1523	0.082543474
1524	0.082540923
1525	0.082538377
1526	0.082535835
1527	0.082533299
1528	0.082530767
1529	0.08252824
1530	0.082525718
1531	0.0825232
1532	0.082520687
1533	0.082518179
1534	0.082515676
1535	0.082513177
1536	0.082510683
1537	0.082508194
1538	0.08250571
1539	0.08250323
1540	0.082500755
1541	0.082498284
1542	0.082495818
1543	0.082493357
1544	0.0824909
1545	0.082488448
1546	0.082486001
1547	0.082483558
1548	0.08248112
1549	0.082478686
1550	0.082476257
1551	0.082473833
1552	0.082471413
1553	0.082468998
1554	0.082466587
1555	0.08246418
1556	0.082461779
1557	0.082459381
1558	0.082456989
1559	0.0824546
1560	0.082452217
1561	0.082449837
1562	0.082447463
1563	0.082445092
1564	0.082442726
1565	0.082440365
1566	0.082438008
1567	0.082435655
1568	0.082433307
1569	0.082430963
1570	0.082428624
1571	0.082426289
1572	0.082423959
1573	0.082421632
1574	0.082419311
1575	0.082416993
1576	0.08241468
1577	0.082412371
1578	0.082410067
1579	0.082407767
1580	0.082405471
1581	0.082403179
1582	0.082400892
1583	0.082398609
1584	0.082396331
1585	0.082394057
1586	0.082391786
1587	0.082389521
1588	0.082387259
1589	0.082385002
1590	0.082382749
1591	0.0823805
1592	0.082378255
1593	0.082376015
1594	0.082373779
1595	0.082371547
1596	0.082369319
1597	0.082367095
1598	0.082364876
1599	0.082362661
1600	0.08236045
1601	0.082358243
1602	0.08235604
1603	0.082353841
1604	0.082351646
1605	0.082349456
1606	0.08234727
1607	0.082345087
1608	0.082342909
1609	0.082340735
1610	0.082338565
1611	0.082336399
1612	0.082334237
1613	0.082332079
1614	0.082329926
1615	0.082327776
1616	0.08232563
1617	0.082323488
1618	0.082321351
1619	0.082319217
1620	0.082317087
1621	0.082314962
1622	0.08231284
1623	0.082310722
1624	0.082308609
1625	0.082306499
1626	0.082304393
1627	0.082302291
1628	0.082300193
1629	0.082298099
1630	0.082296009
1631	0.082293923
1632	0.08229184
1633	0.082289762
1634	0.082287688
1635	0.082285617
1636	0.08228355
1637	0.082281487
1638	0.082279429
1639	0.082277373
1640	0.082275322
1641	0.082273275
1642	0.082271231
1643	0.082269191
1644	0.082267155
1645	0.082265123
1646	0.082263095
1647	0.08226107
1648	0.08225905
1649	0.082257033
1650	0.082255019
1651	0.08225301
1652	0.082251004
1653	0.082249003
1654	0.082247004
1655	0.08224501
1656	0.082243019
1657	0.082241032
1658	0.082239049
1659	0.08223707
1660	0.082235094
1661	0.082233122
1662	0.082231153
1663	0.082229188
1664	0.082227227
1665	0.08222527
1666	0.082223316
1667	0.082221366
1668	0.08221942
1669	0.082217477
1670	0.082215538
1671	0.082213602
1672	0.08221167
1673	0.082209742
1674	0.082207817
1675	0.082205896
1676	0.082203979
1677	0.082202065
1678	0.082200155
1679	0.082198248
1680	0.082196345
1681	0.082194445
1682	0.082192549
1683	0.082190656
1684	0.082188767
1685	0.082186882
1686	0.082185
1687	0.082183122
1688	0.082181247
1689	0.082179375
1690	0.082177508
1691	0.082175643
1692	0.082173782
1693	0.082171925
1694	0.082170071
1695	0.08216822
1696	0.082166373
1697	0.08216453
1698	0.08216269
1699	0.082160853
1700	0.08215902
1701	0.08215719
1702	0.082155363
1703	0.08215354
1704	0.082151721
1705	0.082149905
1706	0.082148092
1707	0.082146282
1708	0.082144476
1709	0.082142674
1710	0.082140874
1711	0.082139078
1712	0.082137286
1713	0.082135497
1714	0.082133711
1715	0.082131928
1716	0.082130149
1717	0.082128373
1718	0.082126601
1719	0.082124831
1720	0.082123065
1721	0.082121303
1722	0.082119543
1723	0.082117787
1724	0.082116034
1725	0.082114285
1726	0.082112539
1727	0.082110796
1728	0.082109056
1729	0.082107319
1730	0.082105586
1731	0.082103856
1732	0.082102129
1733	0.082100406
1734	0.082098686
1735	0.082096968
1736	0.082095255
1737	0.082093544
1738	0.082091836
1739	0.082090132
1740	0.082088431
1741	0.082086733
1742	0.082085038
1743	0.082083346
1744	0.082081658
1745	0.082079973
1746	0.08207829
1747	0.082076611
1748	0.082074935
1749	0.082073263
1750	0.082071593
1751	0.082069926
1752	0.082068263
1753	0.082066603
1754	0.082064946
1755	0.082063291
1756	0.08206164
1757	0.082059992
1758	0.082058347
1759	0.082056706
1760	0.082055067
1761	0.082053431
1762	0.082051799
1763	0.082050169
1764	0.082048542
1765	0.082046919
1766	0.082045298
1767	0.082043681
1768	0.082042066
1769	0.082040455
1770	0.082038847
1771	0.082037241
1772	0.082035639
1773	0.082034039
1774	0.082032443
1775	0.082030849
1776	0.082029259
1777	0.082027671
1778	0.082026087
1779	0.082024505
1780	0.082022926
1781	0.082021351
1782	0.082019778
1783	0.082018208
1784	0.082016641
1785	0.082015077
1786	0.082013516
1787	0.082011958
1788	0.082010403
1789	0.08200885
1790	0.082007301
1791	0.082005754
1792	0.08200421
1793	0.08200267
1794	0.082001132
1795	0.081999597
1796	0.081998064
1797	0.081996535
1798	0.081995008
1799	0.081993485
1800	0.081991964
1801	0.081990446
1802	0.081988931
1803	0.081987418
1804	0.081985909
1805	0.081984402
1806	0.081982898
1807	0.081981397
1808	0.081979899
1809	0.081978403
1810	0.081976911
1811	0.081975421
1812	0.081973934
1813	0.081972449
1814	0.081970968
1815	0.081969489
1816	0.081968013
1817	0.081966539
1818	0.081965069
1819	0.081963601
1820	0.081962136
1821	0.081960673
1822	0.081959214
1823	0.081957757
1824	0.081956302
1825	0.081954851
1826	0.081953402
1827	0.081951956
1828	0.081950513
1829	0.081949072
1830	0.081947634
1831	0.081946198
1832	0.081944766
1833	0.081943336
1834	0.081941908
1835	0.081940484
1836	0.081939062
1837	0.081937642
1838	0.081936225
1839	0.081934811
1840	0.0819334
1841	0.081931991
1842	0.081930585
1843	0.081929181
1844	0.08192778
1845	0.081926382
1846	0.081924986
1847	0.081923593
1848	0.081922202
1849	0.081920814
1850	0.081919429
1851	0.081918046
1852	0.081916666
1853	0.081915288
1854	0.081913913
1855	0.08191254
1856	0.08191117
1857	0.081909803
1858	0.081908438
1859	0.081907076
1860	0.081905716
1861	0.081904359
1862	0.081903004
1863	0.081901652
1864	0.081900302
1865	0.081898955
1866	0.08189761
1867	0.081896268
1868	0.081894928
1869	0.081893591
1870	0.081892256
1871	0.081890924
1872	0.081889594
1873	0.081888267
1874	0.081886942
1875	0.08188562
1876	0.0818843
1877	0.081882983
1878	0.081881668
1879	0.081880355
1880	0.081879045
1881	0.081877737
1882	0.081876432
1883	0.081875129
1884	0.081873829
1885	0.081872531
1886	0.081871236
1887	0.081869943
1888	0.081868652
1889	0.081867364
1890	0.081866078
1891	0.081864794
1892	0.081863513
1893	0.081862234
1894	0.081860958
1895	0.081859684
1896	0.081858412
1897	0.081857143
1898	0.081855876
1899	0.081854612
1900	0.08185335
1901	0.08185209
1902	0.081850832
1903	0.081849577
1904	0.081848325
1905	0.081847074
1906	0.081845826
1907	0.08184458
1908	0.081843337
1909	0.081842095
1910	0.081840857
1911	0.08183962
1912	0.081838386
1913	0.081837154
1914	0.081835924
1915	0.081834697
1916	0.081833472
1917	0.081832249
1918	0.081831028
1919	0.08182981
1920	0.081828594
1921	0.08182738
1922	0.081826169
1923	0.08182496
1924	0.081823753
1925	0.081822548
1926	0.081821345
1927	0.081820145
1928	0.081818947
1929	0.081817751
1930	0.081816558
1931	0.081815366
1932	0.081814177
1933	0.08181299
1934	0.081811806
1935	0.081810623
1936	0.081809443
1937	0.081808265
1938	0.081807089
1939	0.081805915
1940	0.081804743
1941	0.081803574
1942	0.081802407
1943	0.081801242
1944	0.081800079
1945	0.081798918
1946	0.08179776
1947	0.081796603
1948	0.081795449
1949	0.081794297
1950	0.081793147
1951	0.081791999
1952	0.081790854
1953	0.08178971
1954	0.081788569
1955	0.081787429
1956	0.081786292
1957	0.081785157
1958	0.081784024
1959	0.081782893
1960	0.081781764
1961	0.081780638
1962	0.081779513
1963	0.081778391
1964	0.08177727
1965	0.081776152
1966	0.081775036
1967	0.081773922
1968	0.08177281
1969	0.0817717
1970	0.081770592
1971	0.081769486
1972	0.081768382
1973	0.08176728
1974	0.081766181
1975	0.081765083
1976	0.081763987
1977	0.081762894
1978	0.081761802
1979	0.081760713
1980	0.081759625
1981	0.08175854
1982	0.081757456
1983	0.081756375
1984	0.081755295
1985	0.081754218
1986	0.081753142
1987	0.081752069
1988	0.081750997
1989	0.081749928
1990	0.08174886
1991	0.081747795
1992	0.081746731
1993	0.08174567
1994	0.08174461
1995	0.081743553
1996	0.081742497
1997	0.081741444
1998	0.081740392
1999	0.081739342
2000	0.081738294
2001	0.081737248
2002	0.081736205
2003	0.081735163
2004	0.081734123
2005	0.081733084
2006	0.081732048
2007	0.081731014
2008	0.081729982
2009	0.081728951
2010	0.081727923
2011	0.081726896
2012	0.081725872
2013	0.081724849
2014	0.081723828
2015	0.081722809
2016	0.081721792
2017	0.081720777
2018	0.081719763
2019	0.081718752
2020	0.081717742
2021	0.081716735
2022	0.081715729
2023	0.081714725
2024	0.081713723
2025	0.081712723
2026	0.081711725
2027	0.081710728
2028	0.081709733
2029	0.081708741
2030	0.08170775
2031	0.081706761
2032	0.081705773
2033	0.081704788
2034	0.081703804
2035	0.081702823
2036	0.081701843
2037	0.081700864
2038	0.081699888
2039	0.081698914
2040	0.081697941
2041	0.08169697
2042	0.081696001
2043	0.081695034
2044	0.081694068
2045	0.081693105
2046	0.081692143
2047	0.081691183
2048	0.081690224
2049	0.081689268
2050	0.081688313
2051	0.08168736
2052	0.081686409
2053	0.081685459
2054	0.081684512
2055	0.081683566
2056	0.081682621
2057	0.081681679
2058	0.081680738
2059	0.081679799
2060	0.081678862
2061	0.081677927
2062	0.081676993
2063	0.081676061
2064	0.081675131
2065	0.081674202
2066	0.081673276
2067	0.08167235
2068	0.081671427
2069	0.081670505
2070	0.081669586
2071	0.081668667
2072	0.081667751
2073	0.081666836
2074	0.081665923
2075	0.081665011
2076	0.081664102
2077	0.081663194
2078	0.081662287
2079	0.081661383
2080	0.08166048
2081	0.081659578
2082	0.081658679
2083	0.081657781
2084	0.081656884
2085	0.08165599
2086	0.081655097
2087	0.081654205
2088	0.081653316
2089	0.081652428
2090	0.081651541
2091	0.081650657
2092	0.081649774
2093	0.081648892
2094	0.081648012
2095	0.081647134
2096	0.081646258
2097	0.081645383
2098	0.081644509
2099	0.081643638
2100	0.081642768
2101	0.081641899
2102	0.081641032
2103	0.081640167
2104	0.081639304
2105	0.081638442
2106	0.081637581
2107	0.081636722
2108	0.081635865
2109	0.08163501
2110	0.081634156
2111	0.081633303
2112	0.081632452
2113	0.081631603
2114	0.081630755
2115	0.081629909
2116	0.081629065
2117	0.081628222
2118	0.08162738
2119	0.08162654
2120	0.081625702
2121	0.081624865
2122	0.08162403
2123	0.081623196
2124	0.081622364
2125	0.081621534
2126	0.081620705
2127	0.081619877
2128	0.081619051
2129	0.081618227
2130	0.081617404
2131	0.081616582
2132	0.081615763
2133	0.081614944
2134	0.081614127
2135	0.081613312
