1	-1.2518204e-07
2	-2.4845722e-07
3	-3.6986459e-07
4	-4.8944215e-07
5	-6.0722697e-07
6	-7.2325513e-07
7	-8.3756182e-07
8	-9.5018136e-07
9	-1.0611472e-06
10	-1.1704919e-06
11	-1.2782472e-06
12	-1.3844443e-06
13	-1.4891133e-06
14	-1.5922838e-06
15	-1.6939846e-06
16	-1.7942437e-06
17	-1.8930885e-06
18	-1.990546e-06
19	-2.0866421e-06
20	-2.1814024e-06
21	-2.2748518e-06
22	-2.3670146e-06
23	-2.4579146e-06
24	-2.5475751e-06
25	-2.6360186e-06
26	-2.7232673e-06
27	-2.8093429e-06
28	-2.8942665e-06
29	-2.9780588e-06
30	-3.06074e-06
31	-3.1423298e-06
32	-3.2228476e-06
33	-3.3023123e-06
34	-3.3807422e-06
35	-3.4581555e-06
36	-3.5345699e-06
37	-3.6100025e-06
38	-3.6844704e-06
39	-3.75799e-06
40	-3.8305775e-06
41	-3.9022488e-06
42	-3.9730193e-06
43	-4.0429042e-06
44	-4.1119184e-06
45	-4.1800763e-06
46	-4.2473923e-06
47	-4.3138803e-06
48	-4.3795538e-06
49	-4.4444263e-06
50	-4.5085109e-06
51	-4.5718202e-06
52	-4.634367e-06
53	-4.6961636e-06
54	-4.7572218e-06
55	-4.8175537e-06
56	-4.8771707e-06
57	-4.9360841e-06
58	-4.9943052e-06
59	-5.0518447e-06
60	-5.1087135e-06
61	-5.1649218e-06
62	-5.22048e-06
63	-5.2753982e-06
64	-5.3296863e-06
65	-5.3833538e-06
66	-5.4364104e-06
67	-5.4888652e-06
68	-5.5407275e-06
69	-5.5920061e-06
70	-5.64271e-06
71	-5.6928476e-06
72	-5.7424275e-06
73	-5.791458e-06
74	-5.8399472e-06
75	-5.887903e-06
76	-5.9353335e-06
77	-5.9822461e-06
78	-6.0286486e-06
79	-6.0745482e-06
80	-6.1199524e-06
81	-6.1648683e-06
82	-6.2093029e-06
83	-6.253263e-06
84	-6.2967555e-06
85	-6.339787e-06
86	-6.382364e-06
87	-6.424493e-06
88	-6.4661803e-06
89	-6.507432e-06
90	-6.5482543e-06
91	-6.588653e-06
92	-6.6286342e-06
93	-6.6682035e-06
94	-6.7073667e-06
95	-6.7461292e-06
96	-6.7844966e-06
97	-6.8224743e-06
98	-6.8600676e-06
99	-6.8972816e-06
100	-6.9341214e-06
101	-6.9705922e-06
102	-7.0066987e-06
103	-7.042446e-06
104	-7.0778387e-06
105	-7.1128816e-06
106	-7.1475793e-06
107	-7.1819363e-06
108	-7.2159571e-06
109	-7.2496461e-06
110	-7.2830076e-06
111	-7.3160459e-06
112	-7.3487651e-06
113	-7.3811694e-06
114	-7.4132628e-06
115	-7.4450492e-06
116	-7.4765327e-06
117	-7.5077171e-06
118	-7.5386061e-06
119	-7.5692035e-06
120	-7.599513e-06
121	-7.6295382e-06
122	-7.6592826e-06
123	-7.6887497e-06
124	-7.7179431e-06
125	-7.7468661e-06
126	-7.775522e-06
127	-7.8039141e-06
128	-7.8320457e-06
129	-7.8599199e-06
130	-7.88754e-06
131	-7.9149089e-06
132	-7.9420298e-06
133	-7.9689057e-06
134	-7.9955394e-06
135	-8.0219339e-06
136	-8.048092e-06
137	-8.0740167e-06
138	-8.0997106e-06
139	-8.1251766e-06
140	-8.1504172e-06
141	-8.1754352e-06
142	-8.2002331e-06
143	-8.2248136e-06
144	-8.2491793e-06
145	-8.2733325e-06
146	-8.2972758e-06
147	-8.3210116e-06
148	-8.3445422e-06
149	-8.3678702e-06
150	-8.3909977e-06
151	-8.4139271e-06
152	-8.4366606e-06
153	-8.4592005e-06
154	-8.481549e-06
155	-8.5037082e-06
156	-8.5256803e-06
157	-8.5474673e-06
158	-8.5690714e-06
159	-8.5904945e-06
160	-8.6117388e-06
161	-8.6328061e-06
162	-8.6536985e-06
163	-8.6744179e-06
164	-8.6949662e-06
165	-8.7153452e-06
166	-8.7355569e-06
167	-8.755603e-06
168	-8.7754854e-06
169	-8.7952058e-06
170	-8.814766e-06
171	-8.8341677e-06
172	-8.8534126e-06
173	-8.8725025e-06
174	-8.8914389e-06
175	-8.9102235e-06
176	-8.9288579e-06
177	-8.9473438e-06
178	-8.9656827e-06
179	-8.9838761e-06
180	-9.0019255e-06
181	-9.0198326e-06
182	-9.0375987e-06
183	-9.0552254e-06
184	-9.0727141e-06
185	-9.0900663e-06
186	-9.1072833e-06
187	-9.1243665e-06
188	-9.1413173e-06
189	-9.1581372e-06
190	-9.1748274e-06
191	-9.1913892e-06
192	-9.207824e-06
193	-9.224133e-06
194	-9.2403176e-06
195	-9.256379e-06
196	-9.2723184e-06
197	-9.288137e-06
198	-9.3038361e-06
199	-9.3194169e-06
200	-9.3348805e-06
201	-9.3502281e-06
202	-9.3654609e-06
203	-9.38058e-06
204	-9.3955865e-06
205	-9.4104815e-06
206	-9.4252661e-06
207	-9.4399415e-06
208	-9.4545086e-06
209	-9.4689685e-06
210	-9.4833224e-06
211	-9.4975711e-06
212	-9.5117157e-06
213	-9.5257572e-06
214	-9.5396967e-06
215	-9.553535e-06
216	-9.5672732e-06
217	-9.5809122e-06
218	-9.5944529e-06
219	-9.6078964e-06
220	-9.6212434e-06
221	-9.634495e-06
222	-9.647652e-06
223	-9.6607153e-06
224	-9.6736858e-06
225	-9.6865643e-06
226	-9.6993518e-06
227	-9.712049e-06
228	-9.7246568e-06
229	-9.7371761e-06
230	-9.7496075e-06
231	-9.7619521e-06
232	-9.7742105e-06
233	-9.7863835e-06
234	-9.798472e-06
235	-9.8104767e-06
236	-9.8223983e-06
237	-9.8342376e-06
238	-9.8459954e-06
239	-9.8576724e-06
240	-9.8692693e-06
241	-9.8807869e-06
242	-9.8922258e-06
243	-9.9035867e-06
244	-9.9148705e-06
245	-9.9260776e-06
246	-9.9372089e-06
247	-9.948265e-06
248	-9.9592465e-06
249	-9.9701541e-06
250	-9.9809886e-06
251	-9.9917504e-06
252	-1.000244e-05
253	-1.0013059e-05
254	-1.0023607e-05
255	-1.0034084e-05
256	-1.0044493e-05
257	-1.0054832e-05
258	-1.0065103e-05
259	-1.0075306e-05
260	-1.0085443e-05
261	-1.0095512e-05
262	-1.0105516e-05
263	-1.0115455e-05
264	-1.0125328e-05
265	-1.0135137e-05
266	-1.0144883e-05
267	-1.0154565e-05
268	-1.0164184e-05
269	-1.0173742e-05
270	-1.0183238e-05
271	-1.0192672e-05
272	-1.0202046e-05
273	-1.021136e-05
274	-1.0220614e-05
275	-1.0229809e-05
276	-1.0238946e-05
277	-1.0248024e-05
278	-1.0257045e-05
279	-1.0266009e-05
280	-1.0274916e-05
281	-1.0283766e-05
282	-1.0292561e-05
283	-1.03013e-05
284	-1.0309985e-05
285	-1.0318615e-05
286	-1.0327191e-05
287	-1.0335714e-05
288	-1.0344183e-05
289	-1.03526e-05
290	-1.0360965e-05
291	-1.0369277e-05
292	-1.0377538e-05
293	-1.0385748e-05
294	-1.0393908e-05
295	-1.0402017e-05
296	-1.0410076e-05
297	-1.0418086e-05
298	-1.0426047e-05
299	-1.043396e-05
300	-1.0441823e-05
301	-1.0449639e-05
302	-1.0457408e-05
303	-1.0465129e-05
304	-1.0472804e-05
305	-1.0480432e-05
306	-1.0488014e-05
307	-1.049555e-05
308	-1.0503041e-05
309	-1.0510487e-05
310	-1.0517889e-05
311	-1.0525246e-05
312	-1.0532558e-05
313	-1.0539828e-05
314	-1.0547054e-05
315	-1.0554237e-05
316	-1.0561377e-05
317	-1.0568475e-05
318	-1.0575531e-05
319	-1.0582545e-05
320	-1.0589518e-05
321	-1.059645e-05
322	-1.0603341e-05
323	-1.0610192e-05
324	-1.0617002e-05
325	-1.0623773e-05
326	-1.0630504e-05
327	-1.0637195e-05
328	-1.0643848e-05
329	-1.0650462e-05
330	-1.0657038e-05
331	-1.0663575e-05
332	-1.0670075e-05
333	-1.0676537e-05
334	-1.0682961e-05
335	-1.0689349e-05
336	-1.06957e-05
337	-1.0702014e-05
338	-1.0708293e-05
339	-1.0714535e-05
340	-1.0720741e-05
341	-1.0726913e-05
342	-1.0733048e-05
343	-1.0739149e-05
344	-1.0745216e-05
345	-1.0751247e-05
346	-1.0757245e-05
347	-1.0763209e-05
348	-1.0769139e-05
349	-1.0775035e-05
350	-1.0780898e-05
351	-1.0786729e-05
352	-1.0792526e-05
353	-1.0798291e-05
354	-1.0804024e-05
355	-1.0809724e-05
356	-1.0815393e-05
357	-1.082103e-05
358	-1.0826635e-05
359	-1.083221e-05
360	-1.0837753e-05
361	-1.0843266e-05
362	-1.0848748e-05
363	-1.08542e-05
364	-1.0859622e-05
365	-1.0865013e-05
366	-1.0870375e-05
367	-1.0875708e-05
368	-1.0881011e-05
369	-1.0886285e-05
370	-1.089153e-05
371	-1.0896746e-05
372	-1.0901934e-05
373	-1.0907094e-05
374	-1.0912225e-05
375	-1.0917329e-05
376	-1.0922404e-05
377	-1.0927452e-05
378	-1.0932473e-05
379	-1.0937466e-05
380	-1.0942433e-05
381	-1.0947373e-05
382	-1.0952285e-05
383	-1.0957172e-05
384	-1.0962032e-05
385	-1.0966866e-05
386	-1.0971674e-05
387	-1.0976456e-05
388	-1.0981213e-05
389	-1.0985944e-05
390	-1.099065e-05
391	-1.0995331e-05
392	-1.0999986e-05
393	-1.1004617e-05
394	-1.1009224e-05
395	-1.1013806e-05
396	-1.1018363e-05
397	-1.1022897e-05
398	-1.1027406e-05
399	-1.1031891e-05
400	-1.1036353e-05
401	-1.1040792e-05
402	-1.1045206e-05
403	-1.1049598e-05
404	-1.1053967e-05
405	-1.1058312e-05
406	-1.1062635e-05
407	-1.1066935e-05
408	-1.1071213e-05
409	-1.1075468e-05
410	-1.1079702e-05
411	-1.1083913e-05
412	-1.1088102e-05
413	-1.1092269e-05
414	-1.1096415e-05
415	-1.1100539e-05
416	-1.1104641e-05
417	-1.1108723e-05
418	-1.1112783e-05
419	-1.1116822e-05
420	-1.1120841e-05
421	-1.1124839e-05
422	-1.1128816e-05
423	-1.1132772e-05
424	-1.1136709e-05
425	-1.1140625e-05
426	-1.1144521e-05
427	-1.1148397e-05
428	-1.1152253e-05
429	-1.1156089e-05
430	-1.1159906e-05
431	-1.1163703e-05
432	-1.1167481e-05
433	-1.117124e-05
434	-1.1174979e-05
435	-1.11787e-05
436	-1.1182402e-05
437	-1.1186085e-05
438	-1.1189749e-05
439	-1.1193394e-05
440	-1.1197021e-05
441	-1.120063e-05
442	-1.1204221e-05
443	-1.1207793e-05
444	-1.1211348e-05
445	-1.1214884e-05
446	-1.1218403e-05
447	-1.1221904e-05
448	-1.1225388e-05
449	-1.1228854e-05
450	-1.1232303e-05
451	-1.1235734e-05
452	-1.1239148e-05
453	-1.1242545e-05
454	-1.1245926e-05
455	-1.1249289e-05
456	-1.1252636e-05
457	-1.1255965e-05
458	-1.1259279e-05
459	-1.1262576e-05
460	-1.1265856e-05
461	-1.126912e-05
462	-1.1272369e-05
463	-1.12756e-05
464	-1.1278816e-05
465	-1.1282017e-05
466	-1.1285201e-05
467	-1.1288369e-05
468	-1.1291522e-05
469	-1.129466e-05
470	-1.1297782e-05
471	-1.1300888e-05
472	-1.1303979e-05
473	-1.1307056e-05
474	-1.1310117e-05
475	-1.1313163e-05
476	-1.1316194e-05
477	-1.131921e-05
478	-1.1322212e-05
479	-1.1325199e-05
480	-1.1328171e-05
481	-1.1331129e-05
482	-1.1334072e-05
483	-1.1337001e-05
484	-1.1339916e-05
485	-1.1342816e-05
486	-1.1345703e-05
487	-1.1348575e-05
488	-1.1351434e-05
489	-1.1354279e-05
490	-1.135711e-05
491	-1.1359927e-05
492	-1.1362731e-05
493	-1.1365521e-05
494	-1.1368297e-05
495	-1.137106e-05
496	-1.137381e-05
497	-1.1376547e-05
498	-1.137927e-05
499	-1.1381981e-05
500	-1.1384678e-05
501	-1.1387363e-05
502	-1.1390034e-05
503	-1.1392693e-05
504	-1.1395339e-05
505	-1.1397972e-05
506	-1.1400593e-05
507	-1.1403201e-05
508	-1.1405797e-05
509	-1.140838e-05
510	-1.1410951e-05
511	-1.1413509e-05
512	-1.1416056e-05
513	-1.141859e-05
514	-1.1421113e-05
515	-1.1423623e-05
516	-1.1426121e-05
517	-1.1428608e-05
518	-1.1431083e-05
519	-1.1433546e-05
520	-1.1435997e-05
521	-1.1438437e-05
522	-1.1440865e-05
523	-1.1443282e-05
524	-1.1445687e-05
525	-1.1448081e-05
526	-1.1450464e-05
527	-1.1452835e-05
528	-1.1455195e-05
529	-1.1457544e-05
530	-1.1459882e-05
531	-1.1462209e-05
532	-1.1464526e-05
533	-1.1466831e-05
534	-1.1469125e-05
535	-1.1471409e-05
536	-1.1473682e-05
537	-1.1475944e-05
538	-1.1478196e-05
539	-1.1480437e-05
540	-1.1482668e-05
541	-1.1484888e-05
542	-1.1487098e-05
543	-1.1489297e-05
544	-1.1491486e-05
545	-1.1493666e-05
546	-1.1495834e-05
547	-1.1497993e-05
548	-1.1500142e-05
549	-1.1502281e-05
550	-1.150441e-05
551	-1.1506529e-05
552	-1.1508638e-05
553	-1.1510737e-05
554	-1.1512826e-05
555	-1.1514906e-05
556	-1.1516977e-05
557	-1.1519037e-05
558	-1.1521088e-05
559	-1.152313e-05
560	-1.1525162e-05
561	-1.1527185e-05
562	-1.1529198e-05
563	-1.1531203e-05
564	-1.1533197e-05
565	-1.1535183e-05
566	-1.153716e-05
567	-1.1539127e-05
568	-1.1541086e-05
569	-1.1543035e-05
570	-1.1544975e-05
571	-1.1546907e-05
572	-1.154883e-05
573	-1.1550743e-05
574	-1.1552649e-05
575	-1.1554545e-05
576	-1.1556432e-05
577	-1.1558311e-05
578	-1.1560182e-05
579	-1.1562044e-05
580	-1.1563897e-05
581	-1.1565742e-05
582	-1.1567578e-05
583	-1.1569406e-05
584	-1.1571226e-05
585	-1.1573037e-05
586	-1.157484e-05
587	-1.1576635e-05
588	-1.1578422e-05
589	-1.15802e-05
590	-1.1581971e-05
591	-1.1583733e-05
592	-1.1585488e-05
593	-1.1587234e-05
594	-1.1588973e-05
595	-1.1590703e-05
596	-1.1592426e-05
597	-1.1594141e-05
598	-1.1595848e-05
599	-1.1597547e-05
600	-1.1599239e-05
601	-1.1600923e-05
602	-1.16026e-05
603	-1.1604268e-05
604	-1.160593e-05
605	-1.1607584e-05
606	-1.160923e-05
607	-1.1610869e-05
608	-1.16125e-05
609	-1.1614124e-05
610	-1.1615741e-05
611	-1.1617351e-05
612	-1.1618953e-05
613	-1.1620548e-05
614	-1.1622136e-05
615	-1.1623717e-05
616	-1.162529e-05
617	-1.1626857e-05
618	-1.1628416e-05
619	-1.1629969e-05
620	-1.1631514e-05
621	-1.1633053e-05
622	-1.1634585e-05
623	-1.1636109e-05
624	-1.1637627e-05
625	-1.1639139e-05
626	-1.1640643e-05
627	-1.1642141e-05
628	-1.1643632e-05
629	-1.1645116e-05
630	-1.1646594e-05
631	-1.1648065e-05
632	-1.1649529e-05
633	-1.1650987e-05
634	-1.1652438e-05
635	-1.1653883e-05
636	-1.1655322e-05
637	-1.1656754e-05
638	-1.165818e-05
639	-1.1659599e-05
640	-1.1661012e-05
641	-1.1662419e-05
642	-1.1663819e-05
643	-1.1665213e-05
644	-1.1666601e-05
645	-1.1667983e-05
646	-1.1669359e-05
647	-1.1670729e-05
648	-1.1672092e-05
649	-1.167345e-05
650	-1.1674801e-05
651	-1.1676147e-05
652	-1.1677486e-05
653	-1.167882e-05
654	-1.1680147e-05
655	-1.1681469e-05
656	-1.1682785e-05
657	-1.1684095e-05
658	-1.1685399e-05
659	-1.1686698e-05
660	-1.168799e-05
661	-1.1689277e-05
662	-1.1690559e-05
663	-1.1691834e-05
664	-1.1693104e-05
665	-1.1694369e-05
666	-1.1695628e-05
667	-1.1696881e-05
668	-1.1698129e-05
669	-1.1699371e-05
670	-1.1700608e-05
671	-1.1701839e-05
672	-1.1703065e-05
673	-1.1704286e-05
674	-1.1705501e-05
675	-1.1706711e-05
676	-1.1707915e-05
677	-1.1709114e-05
678	-1.1710308e-05
679	-1.1711497e-05
680	-1.171268e-05
681	-1.1713858e-05
682	-1.1715032e-05
683	-1.1716199e-05
684	-1.1717362e-05
685	-1.171852e-05
686	-1.1719672e-05
687	-1.172082e-05
688	-1.1721963e-05
689	-1.17231e-05
690	-1.1724233e-05
691	-1.172536e-05
692	-1.1726483e-05
693	-1.17276e-05
694	-1.1728713e-05
695	-1.1729821e-05
696	-1.1730924e-05
697	-1.1732023e-05
698	-1.1733116e-05
699	-1.1734205e-05
700	-1.1735289e-05
701	-1.1736368e-05
702	-1.1737442e-05
703	-1.1738512e-05
704	-1.1739577e-05
705	-1.1740638e-05
706	-1.1741694e-05
707	-1.1742745e-05
708	-1.1743792e-05
709	-1.1744834e-05
710	-1.1745871e-05
711	-1.1746904e-05
712	-1.1747933e-05
713	-1.1748957e-05
714	-1.1749977e-05
715	-1.1750992e-05
716	-1.1752003e-05
717	-1.1753009e-05
718	-1.1754011e-05
719	-1.1755009e-05
720	-1.1756002e-05
721	-1.1756991e-05
722	-1.1757976e-05
723	-1.1758956e-05
724	-1.1759932e-05
725	-1.1760904e-05
726	-1.1761872e-05
727	-1.1762835e-05
728	-1.1763795e-05
729	-1.176475e-05
730	-1.1765701e-05
731	-1.1766648e-05
732	-1.1767591e-05
733	-1.1768529e-05
734	-1.1769464e-05
735	-1.1770395e-05
736	-1.1771321e-05
737	-1.1772244e-05
738	-1.1773162e-05
739	-1.1774077e-05
740	-1.1774988e-05
741	-1.1775894e-05
742	-1.1776797e-05
743	-1.1777696e-05
744	-1.1778591e-05
745	-1.1779482e-05
746	-1.178037e-05
747	-1.1781253e-05
748	-1.1782133e-05
749	-1.1783008e-05
750	-1.1783881e-05
751	-1.1784749e-05
752	-1.1785613e-05
753	-1.1786474e-05
754	-1.1787331e-05
755	-1.1788185e-05
756	-1.1789035e-05
757	-1.1789881e-05
758	-1.1790723e-05
759	-1.1791562e-05
760	-1.1792397e-05
761	-1.1793229e-05
762	-1.1794057e-05
763	-1.1794881e-05
764	-1.1795702e-05
765	-1.179652e-05
766	-1.1797333e-05
767	-1.1798144e-05
768	-1.1798951e-05
769	-1.1799754e-05
770	-1.1800554e-05
771	-1.1801351e-05
772	-1.1802144e-05
773	-1.1802933e-05
774	-1.180372e-05
775	-1.1804503e-05
776	-1.1805282e-05
777	-1.1806058e-05
778	-1.1806831e-05
779	-1.1807601e-05
780	-1.1808367e-05
781	-1.180913e-05
782	-1.180989e-05
783	-1.1810646e-05
784	-1.18114e-05
785	-1.181215e-05
786	-1.1812896e-05
787	-1.181364e-05
788	-1.181438e-05
789	-1.1815118e-05
790	-1.1815852e-05
791	-1.1816583e-05
792	-1.181731e-05
793	-1.1818035e-05
794	-1.1818757e-05
795	-1.1819475e-05
796	-1.182019e-05
797	-1.1820903e-05
798	-1.1821612e-05
799	-1.1822318e-05
800	-1.1823022e-05
801	-1.1823722e-05
802	-1.1824419e-05
803	-1.1825114e-05
804	-1.1825805e-05
805	-1.1826493e-05
806	-1.1827179e-05
807	-1.1827861e-05
808	-1.1828541e-05
809	-1.1829217e-05
810	-1.1829891e-05
811	-1.1830562e-05
812	-1.183123e-05
813	-1.1831896e-05
814	-1.1832558e-05
815	-1.1833217e-05
816	-1.1833874e-05
817	-1.1834528e-05
818	-1.1835179e-05
819	-1.1835828e-05
820	-1.1836473e-05
821	-1.1837116e-05
822	-1.1837756e-05
823	-1.1838394e-05
824	-1.1839028e-05
825	-1.183966e-05
826	-1.184029e-05
827	-1.1840916e-05
828	-1.184154e-05
829	-1.1842162e-05
830	-1.184278e-05
831	-1.1843396e-05
832	-1.184401e-05
833	-1.1844621e-05
834	-1.1845229e-05
835	-1.1845834e-05
836	-1.1846437e-05
837	-1.1847038e-05
838	-1.1847636e-05
839	-1.1848231e-05
840	-1.1848824e-05
841	-1.1849414e-05
842	-1.1850002e-05
843	-1.1850588e-05
844	-1.185117e-05
845	-1.1851751e-05
846	-1.1852329e-05
847	-1.1852904e-05
848	-1.1853477e-05
849	-1.1854048e-05
850	-1.1854616e-05
851	-1.1855182e-05
852	-1.1855745e-05
853	-1.1856306e-05
854	-1.1856865e-05
855	-1.1857421e-05
856	-1.1857975e-05
857	-1.1858526e-05
858	-1.1859075e-05
859	-1.1859622e-05
860	-1.1860167e-05
861	-1.1860709e-05
862	-1.1861249e-05
863	-1.1861787e-05
864	-1.1862322e-05
865	-1.1862855e-05
866	-1.1863386e-05
867	-1.1863914e-05
868	-1.1864441e-05
869	-1.1864965e-05
870	-1.1865487e-05
871	-1.1866007e-05
872	-1.1866524e-05
873	-1.1867039e-05
874	-1.1867553e-05
875	-1.1868063e-05
876	-1.1868572e-05
877	-1.1869079e-05
878	-1.1869583e-05
879	-1.1870086e-05
880	-1.1870586e-05
881	-1.1871084e-05
882	-1.187158e-05
883	-1.1872074e-05
884	-1.1872566e-05
885	-1.1873056e-05
886	-1.1873544e-05
887	-1.1874029e-05
888	-1.1874513e-05
889	-1.1874994e-05
890	-1.1875474e-05
891	-1.1875951e-05
892	-1.1876427e-05
893	-1.18769e-05
894	-1.1877372e-05
895	-1.1877841e-05
896	-1.1878309e-05
897	-1.1878774e-05
898	-1.1879238e-05
899	-1.1879699e-05
900	-1.1880159e-05
901	-1.1880617e-05
902	-1.1881073e-05
903	-1.1881527e-05
904	-1.1881978e-05
905	-1.1882429e-05
906	-1.1882877e-05
907	-1.1883323e-05
908	-1.1883767e-05
909	-1.188421e-05
910	-1.188465e-05
911	-1.1885089e-05
912	-1.1885526e-05
913	-1.1885961e-05
914	-1.1886395e-05
915	-1.1886826e-05
916	-1.1887256e-05
917	-1.1887683e-05
918	-1.188811e-05
919	-1.1888534e-05
920	-1.1888956e-05
921	-1.1889377e-05
922	-1.1889796e-05
923	-1.1890213e-05
924	-1.1890628e-05
925	-1.1891042e-05
926	-1.1891454e-05
927	-1.1891864e-05
928	-1.1892272e-05
929	-1.1892679e-05
930	-1.1893084e-05
931	-1.1893487e-05
932	-1.1893889e-05
933	-1.1894289e-05
934	-1.1894687e-05
935	-1.1895084e-05
936	-1.1895478e-05
937	-1.1895872e-05
938	-1.1896263e-05
939	-1.1896653e-05
940	-1.1897041e-05
941	-1.1897428e-05
942	-1.1897813e-05
943	-1.1898197e-05
944	-1.1898578e-05
945	-1.1898959e-05
946	-1.1899337e-05
947	-1.1899714e-05
948	-1.190009e-05
949	-1.1900463e-05
950	-1.1900836e-05
951	-1.1901206e-05
952	-1.1901576e-05
953	-1.1901943e-05
954	-1.1902309e-05
955	-1.1902674e-05
956	-1.1903037e-05
957	-1.1903398e-05
958	-1.1903758e-05
959	-1.1904117e-05
960	-1.1904474e-05
961	-1.1904829e-05
962	-1.1905183e-05
963	-1.1905536e-05
964	-1.1905887e-05
965	-1.1906236e-05
966	-1.1906584e-05
967	-1.1906931e-05
968	-1.1907276e-05
969	-1.190762e-05
970	-1.1907962e-05
971	-1.1908303e-05
972	-1.1908642e-05
973	-1.190898e-05
974	-1.1909317e-05
975	-1.1909652e-05
976	-1.1909985e-05
977	-1.1910318e-05
978	-1.1910649e-05
979	-1.1910978e-05
980	-1.1911306e-05
981	-1.1911633e-05
982	-1.1911959e-05
983	-1.1912283e-05
984	-1.1912605e-05
985	-1.1912927e-05
986	-1.1913247e-05
987	-1.1913566e-05
988	-1.1913883e-05
989	-1.1914199e-05
990	-1.1914514e-05
991	-1.1914827e-05
992	-1.1915139e-05
993	-1.191545e-05
994	-1.1915759e-05
995	-1.1916067e-05
996	-1.1916374e-05
997	-1.191668e-05
998	-1.1916984e-05
999	-1.1917287e-05
1000	-1.1917589e-05
1001	-1.1917889e-05
1002	-1.1918189e-05
1003	-1.1918487e-05
1004	-1.1918783e-05
1005	-1.1919079e-05
1006	-1.1919373e-05
1007	-1.1919666e-05
1008	-1.1919958e-05
1009	-1.1920249e-05
1010	-1.1920538e-05
1011	-1.1920826e-05
1012	-1.1921113e-05
1013	-1.1921399e-05
1014	-1.1921683e-05
1015	-1.1921967e-05
1016	-1.1922249e-05
1017	-1.192253e-05
1018	-1.192281e-05
1019	-1.1923089e-05
1020	-1.1923366e-05
1021	-1.1923642e-05
1022	-1.1923918e-05
1023	-1.1924192e-05
1024	-1.1924465e-05
1025	-1.1924736e-05
1026	-1.1925007e-05
1027	-1.1925276e-05
1028	-1.1925545e-05
1029	-1.1925812e-05
1030	-1.1926078e-05
1031	-1.1926343e-05
1032	-1.1926607e-05
1033	-1.192687e-05
1034	-1.1927132e-05
1035	-1.1927392e-05
1036	-1.1927652e-05
1037	-1.192791e-05
1038	-1.1928167e-05
1039	-1.1928424e-05
1040	-1.1928679e-05
1041	-1.1928933e-05
1042	-1.1929186e-05
1043	-1.1929438e-05
1044	-1.1929689e-05
1045	-1.1929939e-05
1046	-1.1930188e-05
1047	-1.1930436e-05
1048	-1.1930683e-05
1049	-1.1930929e-05
1050	-1.1931173e-05
1051	-1.1931417e-05
1052	-1.193166e-05
1053	-1.1931901e-05
1054	-1.1932142e-05
1055	-1.1932382e-05
1056	-1.1932621e-05
1057	-1.1932858e-05
1058	-1.1933095e-05
1059	-1.1933331e-05
1060	-1.1933565e-05
1061	-1.1933799e-05
1062	-1.1934032e-05
1063	-1.1934264e-05
1064	-1.1934495e-05
1065	-1.1934725e-05
1066	-1.1934953e-05
1067	-1.1935181e-05
1068	-1.1935408e-05
1069	-1.1935635e-05
1070	-1.193586e-05
1071	-1.1936084e-05
1072	-1.1936307e-05
1073	-1.1936529e-05
1074	-1.1936751e-05
1075	-1.1936971e-05
1076	-1.1937191e-05
1077	-1.193741e-05
1078	-1.1937627e-05
1079	-1.1937844e-05
1080	-1.193806e-05
1081	-1.1938275e-05
1082	-1.1938489e-05
1083	-1.1938702e-05
1084	-1.1938915e-05
1085	-1.1939126e-05
1086	-1.1939337e-05
1087	-1.1939547e-05
1088	-1.1939755e-05
1089	-1.1939963e-05
1090	-1.194017e-05
1091	-1.1940377e-05
1092	-1.1940582e-05
1093	-1.1940787e-05
1094	-1.194099e-05
1095	-1.1941193e-05
1096	-1.1941395e-05
1097	-1.1941596e-05
1098	-1.1941796e-05
1099	-1.1941996e-05
1100	-1.1942195e-05
1101	-1.1942392e-05
1102	-1.1942589e-05
1103	-1.1942785e-05
1104	-1.1942981e-05
1105	-1.1943175e-05
1106	-1.1943369e-05
1107	-1.1943562e-05
1108	-1.1943754e-05
1109	-1.1943945e-05
1110	-1.1944136e-05
1111	-1.1944326e-05
1112	-1.1944515e-05
1113	-1.1944703e-05
1114	-1.194489e-05
1115	-1.1945077e-05
1116	-1.1945262e-05
1117	-1.1945447e-05
1118	-1.1945632e-05
1119	-1.1945815e-05
1120	-1.1945998e-05
1121	-1.194618e-05
1122	-1.1946361e-05
1123	-1.1946542e-05
1124	-1.1946721e-05
1125	-1.19469e-05
1126	-1.1947078e-05
1127	-1.1947256e-05
1128	-1.1947433e-05
1129	-1.1947609e-05
1130	-1.1947784e-05
1131	-1.1947959e-05
1132	-1.1948132e-05
1133	-1.1948305e-05
1134	-1.1948478e-05
1135	-1.1948649e-05
1136	-1.194882e-05
1137	-1.1948991e-05
1138	-1.194916e-05
1139	-1.1949329e-05
1140	-1.1949497e-05
1141	-1.1949664e-05
1142	-1.1949831e-05
1143	-1.1949997e-05
1144	-1.1950163e-05
1145	-1.1950327e-05
1146	-1.1950491e-05
1147	-1.1950654e-05
1148	-1.1950817e-05
1149	-1.1950979e-05
1150	-1.195114e-05
1151	-1.1951301e-05
1152	-1.1951461e-05
1153	-1.195162e-05
1154	-1.1951779e-05
1155	-1.1951937e-05
1156	-1.1952094e-05
1157	-1.195225e-05
1158	-1.1952406e-05
1159	-1.1952562e-05
1160	-1.1952716e-05
1161	-1.195287e-05
1162	-1.1953024e-05
1163	-1.1953177e-05
1164	-1.1953329e-05
1165	-1.195348e-05
1166	-1.1953631e-05
1167	-1.1953781e-05
1168	-1.1953931e-05
1169	-1.195408e-05
1170	-1.1954228e-05
1171	-1.1954376e-05
1172	-1.1954523e-05
1173	-1.195467e-05
1174	-1.1954816e-05
1175	-1.1954961e-05
1176	-1.1955106e-05
1177	-1.195525e-05
1178	-1.1955393e-05
1179	-1.1955536e-05
1180	-1.1955678e-05
1181	-1.195582e-05
1182	-1.1955961e-05
1183	-1.1956102e-05
1184	-1.1956242e-05
1185	-1.1956381e-05
1186	-1.195652e-05
1187	-1.1956658e-05
1188	-1.1956796e-05
1189	-1.1956933e-05
1190	-1.195707e-05
1191	-1.1957205e-05
1192	-1.1957341e-05
1193	-1.1957476e-05
1194	-1.195761e-05
1195	-1.1957744e-05
1196	-1.1957877e-05
1197	-1.1958009e-05
1198	-1.1958141e-05
1199	-1.1958273e-05
1200	-1.1958404e-05
1201	-1.1958534e-05
1202	-1.1958664e-05
1203	-1.1958794e-05
1204	-1.1958922e-05
1205	-1.1959051e-05
1206	-1.1959178e-05
1207	-1.1959306e-05
1208	-1.1959432e-05
1209	-1.1959558e-05
1210	-1.1959684e-05
1211	-1.1959809e-05
1212	-1.1959934e-05
1213	-1.1960058e-05
1214	-1.1960181e-05
1215	-1.1960304e-05
1216	-1.1960427e-05
1217	-1.1960549e-05
1218	-1.196067e-05
1219	-1.1960791e-05
1220	-1.1960912e-05
1221	-1.1961032e-05
1222	-1.1961151e-05
1223	-1.196127e-05
1224	-1.1961389e-05
1225	-1.1961507e-05
1226	-1.1961624e-05
1227	-1.1961741e-05
1228	-1.1961858e-05
1229	-1.1961974e-05
1230	-1.196209e-05
1231	-1.1962205e-05
1232	-1.1962319e-05
1233	-1.1962434e-05
1234	-1.1962547e-05
1235	-1.196266e-05
1236	-1.1962773e-05
1237	-1.1962886e-05
1238	-1.1962997e-05
1239	-1.1963109e-05
1240	-1.196322e-05
1241	-1.196333e-05
1242	-1.196344e-05
1243	-1.1963549e-05
1244	-1.1963659e-05
1245	-1.1963767e-05
1246	-1.1963875e-05
1247	-1.1963983e-05
1248	-1.196409e-05
1249	-1.1964197e-05
1250	-1.1964303e-05
1251	-1.1964409e-05
1252	-1.1964515e-05
1253	-1.196462e-05
1254	-1.1964725e-05
1255	-1.1964829e-05
1256	-1.1964933e-05
1257	-1.1965036e-05
1258	-1.1965139e-05
1259	-1.1965241e-05
1260	-1.1965343e-05
1261	-1.1965445e-05
1262	-1.1965546e-05
1263	-1.1965647e-05
1264	-1.1965747e-05
1265	-1.1965847e-05
1266	-1.1965947e-05
1267	-1.1966046e-05
1268	-1.1966145e-05
1269	-1.1966243e-05
1270	-1.1966341e-05
1271	-1.1966438e-05
1272	-1.1966535e-05
1273	-1.1966632e-05
1274	-1.1966728e-05
1275	-1.1966824e-05
1276	-1.196692e-05
1277	-1.1967015e-05
1278	-1.1967109e-05
1279	-1.1967204e-05
1280	-1.1967298e-05
1281	-1.1967391e-05
1282	-1.1967484e-05
1283	-1.1967577e-05
1284	-1.1967669e-05
1285	-1.1967761e-05
1286	-1.1967853e-05
1287	-1.1967944e-05
1288	-1.1968035e-05
1289	-1.1968125e-05
1290	-1.1968216e-05
1291	-1.1968305e-05
1292	-1.1968395e-05
1293	-1.1968484e-05
1294	-1.1968572e-05
1295	-1.196866e-05
1296	-1.1968748e-05
1297	-1.1968836e-05
1298	-1.1968923e-05
1299	-1.196901e-05
1300	-1.1969096e-05
1301	-1.1969182e-05
1302	-1.1969268e-05
1303	-1.1969353e-05
1304	-1.1969438e-05
1305	-1.1969523e-05
1306	-1.1969607e-05
1307	-1.1969691e-05
1308	-1.1969775e-05
1309	-1.1969858e-05
1310	-1.1969941e-05
1311	-1.1970023e-05
1312	-1.1970106e-05
1313	-1.1970188e-05
1314	-1.1970269e-05
1315	-1.197035e-05
1316	-1.1970431e-05
1317	-1.1970512e-05
1318	-1.1970592e-05
1319	-1.1970672e-05
1320	-1.1970751e-05
1321	-1.1970831e-05
1322	-1.1970909e-05
1323	-1.1970988e-05
1324	-1.1971066e-05
1325	-1.1971144e-05
1326	-1.1971222e-05
1327	-1.1971299e-05
1328	-1.1971376e-05
1329	-1.1971453e-05
1330	-1.1971529e-05
1331	-1.1971605e-05
1332	-1.197168e-05
1333	-1.1971756e-05
1334	-1.1971831e-05
1335	-1.1971906e-05
1336	-1.197198e-05
1337	-1.1972054e-05
1338	-1.1972128e-05
1339	-1.1972201e-05
1340	-1.1972275e-05
1341	-1.1972348e-05
1342	-1.197242e-05
1343	-1.1972492e-05
1344	-1.1972564e-05
1345	-1.1972636e-05
1346	-1.1972708e-05
1347	-1.1972779e-05
1348	-1.1972849e-05
1349	-1.197292e-05
1350	-1.197299e-05
1351	-1.197306e-05
1352	-1.197313e-05
1353	-1.1973199e-05
1354	-1.1973268e-05
1355	-1.1973337e-05
1356	-1.1973406e-05
1357	-1.1973474e-05
1358	-1.1973542e-05
1359	-1.1973609e-05
1360	-1.1973677e-05
1361	-1.1973744e-05
1362	-1.1973811e-05
1363	-1.1973877e-05
1364	-1.1973943e-05
1365	-1.1974009e-05
1366	-1.1974075e-05
1367	-1.1974141e-05
1368	-1.1974206e-05
1369	-1.1974271e-05
1370	-1.1974335e-05
1371	-1.19744e-05
1372	-1.1974464e-05
1373	-1.1974528e-05
1374	-1.1974591e-05
1375	-1.1974654e-05
1376	-1.1974718e-05
1377	-1.197478e-05
1378	-1.1974843e-05
1379	-1.1974905e-05
1380	-1.1974967e-05
1381	-1.1975029e-05
1382	-1.197509e-05
1383	-1.1975152e-05
1384	-1.1975213e-05
1385	-1.1975273e-05
1386	-1.1975334e-05
1387	-1.1975394e-05
1388	-1.1975454e-05
1389	-1.1975514e-05
1390	-1.1975573e-05
1391	-1.1975632e-05
1392	-1.1975691e-05
1393	-1.197575e-05
1394	-1.1975809e-05
1395	-1.1975867e-05
1396	-1.1975925e-05
1397	-1.1975983e-05
1398	-1.197604e-05
1399	-1.1976098e-05
1400	-1.1976155e-05
1401	-1.1976212e-05
1402	-1.1976268e-05
1403	-1.1976325e-05
1404	-1.1976381e-05
1405	-1.1976437e-05
1406	-1.1976492e-05
1407	-1.1976548e-05
1408	-1.1976603e-05
1409	-1.1976658e-05
1410	-1.1976713e-05
1411	-1.1976767e-05
1412	-1.1976821e-05
1413	-1.1976876e-05
1414	-1.1976929e-05
1415	-1.1976983e-05
1416	-1.1977036e-05
1417	-1.197709e-05
1418	-1.1977143e-05
1419	-1.1977195e-05
1420	-1.1977248e-05
1421	-1.19773e-05
1422	-1.1977352e-05
1423	-1.1977404e-05
1424	-1.1977456e-05
1425	-1.1977507e-05
1426	-1.1977559e-05
1427	-1.197761e-05
1428	-1.197766e-05
1429	-1.1977711e-05
1430	-1.1977761e-05
1431	-1.1977812e-05
1432	-1.1977862e-05
1433	-1.1977911e-05
1434	-1.1977961e-05
1435	-1.197801e-05
1436	-1.1978059e-05
1437	-1.1978108e-05
1438	-1.1978157e-05
1439	-1.1978206e-05
1440	-1.1978254e-05
1441	-1.1978302e-05
1442	-1.197835e-05
1443	-1.1978398e-05
1444	-1.1978445e-05
1445	-1.1978493e-05
1446	-1.197854e-05
1447	-1.1978587e-05
1448	-1.1978634e-05
1449	-1.197868e-05
1450	-1.1978727e-05
1451	-1.1978773e-05
1452	-1.1978819e-05
1453	-1.1978865e-05
1454	-1.197891e-05
1455	-1.1978956e-05
1456	-1.1979001e-05
1457	-1.1979046e-05
1458	-1.1979091e-05
1459	-1.1979136e-05
1460	-1.197918e-05
1461	-1.1979224e-05
1462	-1.1979269e-05
1463	-1.1979312e-05
1464	-1.1979356e-05
1465	-1.19794e-05
1466	-1.1979443e-05
1467	-1.1979486e-05
1468	-1.197953e-05
1469	-1.1979572e-05
1470	-1.1979615e-05
1471	-1.1979658e-05
1472	-1.19797e-05
1473	-1.1979742e-05
1474	-1.1979784e-05
1475	-1.1979826e-05
1476	-1.1979868e-05
1477	-1.1979909e-05
1478	-1.197995e-05
1479	-1.1979992e-05
1480	-1.1980032e-05
1481	-1.1980073e-05
1482	-1.1980114e-05
1483	-1.1980154e-05
1484	-1.1980195e-05
1485	-1.1980235e-05
1486	-1.1980275e-05
1487	-1.1980315e-05
1488	-1.1980354e-05
1489	-1.1980394e-05
1490	-1.1980433e-05
1491	-1.1980472e-05
1492	-1.1980511e-05
1493	-1.198055e-05
1494	-1.1980589e-05
1495	-1.1980627e-05
1496	-1.1980665e-05
1497	-1.1980704e-05
1498	-1.1980742e-05
1499	-1.1980779e-05
1500	-1.1980817e-05
1501	-1.1980855e-05
1502	-1.1980892e-05
1503	-1.1980929e-05
1504	-1.1980966e-05
1505	-1.1981003e-05
1506	-1.198104e-05
1507	-1.1981077e-05
1508	-1.1981113e-05
1509	-1.198115e-05
1510	-1.1981186e-05
1511	-1.1981222e-05
1512	-1.1981258e-05
1513	-1.1981293e-05
1514	-1.1981329e-05
1515	-1.1981364e-05
1516	-1.19814e-05
1517	-1.1981435e-05
1518	-1.198147e-05
1519	-1.1981505e-05
1520	-1.1981539e-05
1521	-1.1981574e-05
1522	-1.1981608e-05
1523	-1.1981643e-05
1524	-1.1981677e-05
1525	-1.1981711e-05
1526	-1.1981745e-05
1527	-1.1981778e-05
1528	-1.1981812e-05
1529	-1.1981845e-05
1530	-1.1981879e-05
1531	-1.1981912e-05
1532	-1.1981945e-05
1533	-1.1981978e-05
1534	-1.198201e-05
1535	-1.1982043e-05
1536	-1.1982076e-05
1537	-1.1982108e-05
1538	-1.198214e-05
1539	-1.1982172e-05
1540	-1.1982204e-05
1541	-1.1982236e-05
1542	-1.1982268e-05
1543	-1.1982299e-05
1544	-1.1982331e-05
1545	-1.1982362e-05
1546	-1.1982393e-05
1547	-1.1982424e-05
1548	-1.1982455e-05
1549	-1.1982486e-05
1550	-1.1982516e-05
1551	-1.1982547e-05
1552	-1.1982577e-05
1553	-1.1982608e-05
1554	-1.1982638e-05
1555	-1.1982668e-05
1556	-1.1982698e-05
1557	-1.1982727e-05
1558	-1.1982757e-05
1559	-1.1982787e-05
1560	-1.1982816e-05
1561	-1.1982845e-05
1562	-1.1982874e-05
1563	-1.1982904e-05
1564	-1.1982932e-05
1565	-1.1982961e-05
1566	-1.198299e-05
1567	-1.1983019e-05
1568	-1.1983047e-05
1569	-1.1983075e-05
1570	-1.1983103e-05
1571	-1.1983132e-05
1572	-1.198316e-05
1573	-1.1983187e-05
1574	-1.1983215e-05
1575	-1.1983243e-05
1576	-1.198327e-05
1577	-1.1983298e-05
1578	-1.1983325e-05
1579	-1.1983352e-05
1580	-1.1983379e-05
1581	-1.1983406e-05
1582	-1.1983433e-05
1583	-1.198346e-05
1584	-1.1983486e-05
1585	-1.1983513e-05
1586	-1.1983539e-05
1587	-1.1983566e-05
1588	-1.1983592e-05
1589	-1.1983618e-05
1590	-1.1983644e-05
1591	-1.198367e-05
1592	-1.1983696e-05
1593	-1.1983721e-05
1594	-1.1983747e-05
1595	-1.1983772e-05
1596	-1.1983798e-05
1597	-1.1983823e-05
1598	-1.1983848e-05
1599	-1.1983873e-05
1600	-1.1983898e-05
1601	-1.1983923e-05
1602	-1.1983947e-05
1603	-1.1983972e-05
1604	-1.1983996e-05
1605	-1.1984021e-05
1606	-1.1984045e-05
1607	-1.1984069e-05
1608	-1.1984093e-05
1609	-1.1984117e-05
1610	-1.1984141e-05
1611	-1.1984165e-05
1612	-1.1984189e-05
1613	-1.1984213e-05
1614	-1.1984236e-05
1615	-1.1984259e-05
1616	-1.1984283e-05
1617	-1.1984306e-05
1618	-1.1984329e-05
1619	-1.1984352e-05
1620	-1.1984375e-05
1621	-1.1984398e-05
1622	-1.1984421e-05
1623	-1.1984443e-05
1624	-1.1984466e-05
1625	-1.1984488e-05
1626	-1.1984511e-05
1627	-1.1984533e-05
1628	-1.1984555e-05
1629	-1.1984577e-05
1630	-1.1984599e-05
1631	-1.1984621e-05
1632	-1.1984643e-05
1633	-1.1984665e-05
1634	-1.1984686e-05
1635	-1.1984708e-05
1636	-1.1984729e-05
1637	-1.1984751e-05
1638	-1.1984772e-05
1639	-1.1984793e-05
1640	-1.1984814e-05
1641	-1.1984836e-05
1642	-1.1984856e-05
1643	-1.1984877e-05
1644	-1.1984898e-05
1645	-1.1984919e-05
1646	-1.1984939e-05
1647	-1.198496e-05
1648	-1.198498e-05
1649	-1.1985001e-05
1650	-1.1985021e-05
1651	-1.1985041e-05
1652	-1.1985061e-05
1653	-1.1985081e-05
1654	-1.1985101e-05
1655	-1.1985121e-05
1656	-1.1985141e-05
1657	-1.198516e-05
1658	-1.198518e-05
1659	-1.1985199e-05
1660	-1.1985219e-05
1661	-1.1985238e-05
1662	-1.1985258e-05
1663	-1.1985277e-05
1664	-1.1985296e-05
1665	-1.1985315e-05
1666	-1.1985334e-05
1667	-1.1985353e-05
1668	-1.1985372e-05
1669	-1.198539e-05
1670	-1.1985409e-05
1671	-1.1985428e-05
1672	-1.1985446e-05
1673	-1.1985464e-05
1674	-1.1985483e-05
1675	-1.1985501e-05
1676	-1.1985519e-05
1677	-1.1985537e-05
1678	-1.1985555e-05
1679	-1.1985573e-05
1680	-1.1985591e-05
1681	-1.1985609e-05
1682	-1.1985627e-05
1683	-1.1985644e-05
1684	-1.1985662e-05
1685	-1.198568e-05
1686	-1.1985697e-05
1687	-1.1985714e-05
1688	-1.1985732e-05
1689	-1.1985749e-05
1690	-1.1985766e-05
1691	-1.1985783e-05
1692	-1.19858e-05
1693	-1.1985817e-05
1694	-1.1985834e-05
1695	-1.1985851e-05
1696	-1.1985868e-05
1697	-1.1985884e-05
1698	-1.1985901e-05
1699	-1.1985918e-05
1700	-1.1985934e-05
1701	-1.198595e-05
1702	-1.1985967e-05
1703	-1.1985983e-05
1704	-1.1985999e-05
1705	-1.1986015e-05
1706	-1.1986031e-05
1707	-1.1986047e-05
1708	-1.1986063e-05
1709	-1.1986079e-05
1710	-1.1986095e-05
1711	-1.1986111e-05
1712	-1.1986126e-05
1713	-1.1986142e-05
1714	-1.1986158e-05
1715	-1.1986173e-05
1716	-1.1986188e-05
1717	-1.1986204e-05
1718	-1.1986219e-05
1719	-1.1986234e-05
1720	-1.198625e-05
1721	-1.1986265e-05
1722	-1.198628e-05
1723	-1.1986295e-05
1724	-1.198631e-05
1725	-1.1986324e-05
1726	-1.1986339e-05
1727	-1.1986354e-05
1728	-1.1986369e-05
1729	-1.1986383e-05
1730	-1.1986398e-05
1731	-1.1986412e-05
1732	-1.1986427e-05
1733	-1.1986441e-05
1734	-1.1986455e-05
1735	-1.198647e-05
1736	-1.1986484e-05
1737	-1.1986498e-05
1738	-1.1986512e-05
1739	-1.1986526e-05
1740	-1.198654e-05
1741	-1.1986554e-05
1742	-1.1986568e-05
1743	-1.1986581e-05
1744	-1.1986595e-05
1745	-1.1986609e-05
1746	-1.1986623e-05
1747	-1.1986636e-05
1748	-1.198665e-05
1749	-1.1986663e-05
1750	-1.1986676e-05
1751	-1.198669e-05
1752	-1.1986703e-05
1753	-1.1986716e-05
1754	-1.1986729e-05
1755	-1.1986743e-05
1756	-1.1986756e-05
1757	-1.1986769e-05
1758	-1.1986782e-05
1759	-1.1986794e-05
1760	-1.1986807e-05
1761	-1.198682e-05
1762	-1.1986833e-05
1763	-1.1986846e-05
1764	-1.1986858e-05
1765	-1.1986871e-05
1766	-1.1986883e-05
1767	-1.1986896e-05
1768	-1.1986908e-05
1769	-1.1986921e-05
1770	-1.1986933e-05
1771	-1.1986945e-05
1772	-1.1986957e-05
1773	-1.198697e-05
1774	-1.1986982e-05
1775	-1.1986994e-05
1776	-1.1987006e-05
1777	-1.1987018e-05
1778	-1.198703e-05
1779	-1.1987042e-05
1780	-1.1987053e-05
1781	-1.1987065e-05
1782	-1.1987077e-05
1783	-1.1987089e-05
1784	-1.19871e-05
1785	-1.1987112e-05
1786	-1.1987123e-05
1787	-1.1987135e-05
1788	-1.1987146e-05
1789	-1.1987158e-05
1790	-1.1987169e-05
1791	-1.198718e-05
1792	-1.1987192e-05
1793	-1.1987203e-05
1794	-1.1987214e-05
1795	-1.1987225e-05
1796	-1.1987236e-05
1797	-1.1987247e-05
1798	-1.1987258e-05
1799	-1.1987269e-05
1800	-1.198728e-05
1801	-1.1987291e-05
1802	-1.1987302e-05
1803	-1.1987312e-05
1804	-1.1987323e-05
1805	-1.1987334e-05
1806	-1.1987345e-05
1807	-1.1987355e-05
1808	-1.1987366e-05
1809	-1.1987376e-05
1810	-1.1987387e-05
1811	-1.1987397e-05
1812	-1.1987407e-05
1813	-1.1987418e-05
1814	-1.1987428e-05
1815	-1.1987438e-05
1816	-1.1987448e-05
1817	-1.1987459e-05
1818	-1.1987469e-05
1819	-1.1987479e-05
1820	-1.1987489e-05
1821	-1.1987499e-05
1822	-1.1987509e-05
1823	-1.1987519e-05
1824	-1.1987528e-05
1825	-1.1987538e-05
1826	-1.1987548e-05
1827	-1.1987558e-05
1828	-1.1987567e-05
1829	-1.1987577e-05
1830	-1.1987587e-05
1831	-1.1987596e-05
1832	-1.1987606e-05
1833	-1.1987615e-05
1834	-1.1987625e-05
1835	-1.1987634e-05
1836	-1.1987644e-05
1837	-1.1987653e-05
1838	-1.1987662e-05
1839	-1.1987672e-05
1840	-1.1987681e-05
1841	-1.198769e-05
1842	-1.1987699e-05
1843	-1.1987708e-05
1844	-1.1987717e-05
1845	-1.1987726e-05
1846	-1.1987735e-05
1847	-1.1987744e-05
1848	-1.1987753e-05
1849	-1.1987762e-05
1850	-1.1987771e-05
1851	-1.198778e-05
1852	-1.1987789e-05
1853	-1.1987797e-05
1854	-1.1987806e-05
1855	-1.1987815e-05
1856	-1.1987823e-05
1857	-1.1987832e-05
1858	-1.1987841e-05
1859	-1.1987849e-05
1860	-1.1987858e-05
1861	-1.1987866e-05
1862	-1.1987874e-05
1863	-1.1987883e-05
1864	-1.1987891e-05
1865	-1.19879e-05
1866	-1.1987908e-05
1867	-1.1987916e-05
1868	-1.1987924e-05
1869	-1.1987932e-05
1870	-1.1987941e-05
1871	-1.1987949e-05
1872	-1.1987957e-05
1873	-1.1987965e-05
1874	-1.1987973e-05
1875	-1.1987981e-05
1876	-1.1987989e-05
1877	-1.1987997e-05
1878	-1.1988005e-05
1879	-1.1988013e-05
1880	-1.198802e-05
1881	-1.1988028e-05
1882	-1.1988036e-05
1883	-1.1988044e-05
1884	-1.1988051e-05
1885	-1.1988059e-05
1886	-1.1988067e-05
1887	-1.1988074e-05
1888	-1.1988082e-05
1889	-1.1988089e-05
1890	-1.1988097e-05
1891	-1.1988104e-05
1892	-1.1988112e-05
1893	-1.1988119e-05
1894	-1.1988127e-05
1895	-1.1988134e-05
1896	-1.1988141e-05
1897	-1.1988148e-05
1898	-1.1988156e-05
1899	-1.1988163e-05
1900	-1.198817e-05
1901	-1.1988177e-05
1902	-1.1988185e-05
1903	-1.1988192e-05
1904	-1.1988199e-05
1905	-1.1988206e-05
1906	-1.1988213e-05
1907	-1.198822e-05
1908	-1.1988227e-05
1909	-1.1988234e-05
1910	-1.1988241e-05
1911	-1.1988247e-05
1912	-1.1988254e-05
1913	-1.1988261e-05
1914	-1.1988268e-05
1915	-1.1988275e-05
1916	-1.1988281e-05
1917	-1.1988288e-05
1918	-1.1988295e-05
1919	-1.1988302e-05
1920	-1.1988308e-05
1921	-1.1988315e-05
1922	-1.1988321e-05
1923	-1.1988328e-05
1924	-1.1988334e-05
1925	-1.1988341e-05
1926	-1.1988347e-05
1927	-1.1988354e-05
1928	-1.198836e-05
1929	-1.1988367e-05
1930	-1.1988373e-05
1931	-1.1988379e-05
1932	-1.1988386e-05
1933	-1.1988392e-05
1934	-1.1988398e-05
1935	-1.1988404e-05
1936	-1.1988411e-05
1937	-1.1988417e-05
1938	-1.1988423e-05
1939	-1.1988429e-05
1940	-1.1988435e-05
1941	-1.1988441e-05
1942	-1.1988447e-05
1943	-1.1988453e-05
1944	-1.1988459e-05
1945	-1.1988465e-05
1946	-1.1988471e-05
1947	-1.1988477e-05
1948	-1.1988483e-05
1949	-1.1988489e-05
1950	-1.1988495e-05
1951	-1.1988501e-05
1952	-1.1988506e-05
1953	-1.1988512e-05
1954	-1.1988518e-05
1955	-1.1988524e-05
1956	-1.1988529e-05
1957	-1.1988535e-05
1958	-1.1988541e-05
1959	-1.1988546e-05
1960	-1.1988552e-05
1961	-1.1988558e-05
1962	-1.1988563e-05
1963	-1.1988569e-05
1964	-1.1988574e-05
1965	-1.198858e-05
1966	-1.1988585e-05
1967	-1.1988591e-05
1968	-1.1988596e-05
1969	-1.1988602e-05
1970	-1.1988607e-05
1971	-1.1988612e-05
1972	-1.1988618e-05
1973	-1.1988623e-05
1974	-1.1988628e-05
1975	-1.1988634e-05
1976	-1.1988639e-05
1977	-1.1988644e-05
1978	-1.1988649e-05
1979	-1.1988655e-05
1980	-1.198866e-05
1981	-1.1988665e-05
1982	-1.198867e-05
1983	-1.1988675e-05
1984	-1.198868e-05
1985	-1.1988685e-05
1986	-1.198869e-05
1987	-1.1988695e-05
1988	-1.19887e-05
1989	-1.1988705e-05
1990	-1.198871e-05
1991	-1.1988715e-05
1992	-1.198872e-05
1993	-1.1988725e-05
1994	-1.198873e-05
1995	-1.1988735e-05
1996	-1.198874e-05
1997	-1.1988745e-05
1998	-1.1988749e-05
1999	-1.1988754e-05
2000	-1.1988759e-05
2001	-1.1988764e-05
2002	-1.1988768e-05
2003	-1.1988773e-05
2004	-1.1988778e-05
2005	-1.1988782e-05
2006	-1.1988787e-05
2007	-1.1988792e-05
2008	-1.1988796e-05
2009	-1.1988801e-05
2010	-1.1988805e-05
2011	-1.198881e-05
2012	-1.1988815e-05
2013	-1.1988819e-05
2014	-1.1988824e-05
2015	-1.1988828e-05
2016	-1.1988832e-05
2017	-1.1988837e-05
2018	-1.1988841e-05
2019	-1.1988846e-05
2020	-1.198885e-05
2021	-1.1988854e-05
2022	-1.1988859e-05
2023	-1.1988863e-05
2024	-1.1988867e-05
2025	-1.1988872e-05
2026	-1.1988876e-05
2027	-1.198888e-05
2028	-1.1988885e-05
2029	-1.1988889e-05
2030	-1.1988893e-05
2031	-1.1988897e-05
2032	-1.1988901e-05
2033	-1.1988906e-05
2034	-1.198891e-05
2035	-1.1988914e-05
2036	-1.1988918e-05
2037	-1.1988922e-05
2038	-1.1988926e-05
2039	-1.198893e-05
2040	-1.1988934e-05
2041	-1.1988938e-05
2042	-1.1988942e-05
2043	-1.1988946e-05
2044	-1.198895e-05
2045	-1.1988954e-05
2046	-1.1988958e-05
2047	-1.1988962e-05
2048	-1.1988966e-05
2049	-1.198897e-05
2050	-1.1988974e-05
2051	-1.1988977e-05
2052	-1.1988981e-05
2053	-1.1988985e-05
2054	-1.1988989e-05
2055	-1.1988993e-05
2056	-1.1988997e-05
2057	-1.1989e-05
2058	-1.1989004e-05
2059	-1.1989008e-05
2060	-1.1989012e-05
2061	-1.1989015e-05
2062	-1.1989019e-05
2063	-1.1989023e-05
2064	-1.1989026e-05
2065	-1.198903e-05
2066	-1.1989033e-05
2067	-1.1989037e-05
2068	-1.1989041e-05
2069	-1.1989044e-05
2070	-1.1989048e-05
2071	-1.1989051e-05
2072	-1.1989055e-05
2073	-1.1989058e-05
2074	-1.1989062e-05
2075	-1.1989065e-05
2076	-1.1989069e-05
2077	-1.1989072e-05
2078	-1.1989076e-05
2079	-1.1989079e-05
2080	-1.1989083e-05
2081	-1.1989086e-05
2082	-1.198909e-05
2083	-1.1989093e-05
2084	-1.1989096e-05
2085	-1.19891e-05
2086	-1.1989103e-05
2087	-1.1989106e-05
2088	-1.198911e-05
2089	-1.1989113e-05
2090	-1.1989116e-05
2091	-1.1989119e-05
2092	-1.1989123e-05
2093	-1.1989126e-05
2094	-1.1989129e-05
2095	-1.1989132e-05
2096	-1.1989136e-05
2097	-1.1989139e-05
2098	-1.1989142e-05
2099	-1.1989145e-05
2100	-1.1989148e-05
2101	-1.1989151e-05
2102	-1.1989155e-05
2103	-1.1989158e-05
2104	-1.1989161e-05
2105	-1.1989164e-05
2106	-1.1989167e-05
2107	-1.198917e-05
2108	-1.1989173e-05
2109	-1.1989176e-05
2110	-1.1989179e-05
2111	-1.1989182e-05
2112	-1.1989185e-05
2113	-1.1989188e-05
2114	-1.1989191e-05
2115	-1.1989194e-05
2116	-1.1989197e-05
2117	-1.19892e-05
2118	-1.1989203e-05
2119	-1.1989206e-05
2120	-1.1989209e-05
2121	-1.1989212e-05
2122	-1.1989214e-05
2123	-1.1989217e-05
2124	-1.198922e-05
2125	-1.1989223e-05
2126	-1.1989226e-05
2127	-1.1989229e-05
2128	-1.1989231e-05
2129	-1.1989234e-05
2130	-1.1989237e-05
2131	-1.198924e-05
2132	-1.1989243e-05
2133	-1.1989245e-05
2134	-1.1989248e-05
2135	-1.1989251e-05
2136	-1.1989254e-05
2137	-1.1989256e-05
2138	-1.1989259e-05
2139	-1.1989262e-05
2140	-1.1989264e-05
2141	-1.1989267e-05
2142	-1.198927e-05
2143	-1.1989272e-05
2144	-1.1989275e-05
2145	-1.1989277e-05
2146	-1.198928e-05
2147	-1.1989283e-05
2148	-1.1989285e-05
2149	-1.1989288e-05
2150	-1.198929e-05
2151	-1.1989293e-05
2152	-1.1989295e-05
2153	-1.1989298e-05
2154	-1.1989301e-05
2155	-1.1989303e-05
2156	-1.1989306e-05
2157	-1.1989308e-05
2158	-1.1989311e-05
2159	-1.1989313e-05
2160	-1.1989315e-05
2161	-1.1989318e-05
2162	-1.198932e-05
2163	-1.1989323e-05
2164	-1.1989325e-05
2165	-1.1989328e-05
2166	-1.198933e-05
2167	-1.1989332e-05
2168	-1.1989335e-05
2169	-1.1989337e-05
2170	-1.198934e-05
2171	-1.1989342e-05
2172	-1.1989344e-05
2173	-1.1989347e-05
2174	-1.1989349e-05
2175	-1.1989351e-05
2176	-1.1989353e-05
2177	-1.1989356e-05
2178	-1.1989358e-05
2179	-1.198936e-05
2180	-1.1989363e-05
2181	-1.1989365e-05
2182	-1.1989367e-05
2183	-1.1989369e-05
2184	-1.1989372e-05
2185	-1.1989374e-05
2186	-1.1989376e-05
2187	-1.1989378e-05
2188	-1.198938e-05
2189	-1.1989383e-05
2190	-1.1989385e-05
2191	-1.1989387e-05
2192	-1.1989389e-05
2193	-1.1989391e-05
2194	-1.1989393e-05
2195	-1.1989395e-05
2196	-1.1989398e-05
2197	-1.19894e-05
2198	-1.1989402e-05
2199	-1.1989404e-05
2200	-1.1989406e-05
2201	-1.1989408e-05
2202	-1.198941e-05
2203	-1.1989412e-05
2204	-1.1989414e-05
2205	-1.1989416e-05
2206	-1.1989418e-05
2207	-1.198942e-05
2208	-1.1989422e-05
2209	-1.1989424e-05
2210	-1.1989426e-05
2211	-1.1989428e-05
2212	-1.198943e-05
2213	-1.1989432e-05
2214	-1.1989434e-05
2215	-1.1989436e-05
2216	-1.1989438e-05
2217	-1.198944e-05
2218	-1.1989442e-05
2219	-1.1989444e-05
2220	-1.1989446e-05
2221	-1.1989448e-05
2222	-1.198945e-05
2223	-1.1989452e-05
2224	-1.1989454e-05
2225	-1.1989455e-05
2226	-1.1989457e-05
2227	-1.1989459e-05
2228	-1.1989461e-05
2229	-1.1989463e-05
2230	-1.1989465e-05
2231	-1.1989467e-05
2232	-1.1989468e-05
2233	-1.198947e-05
2234	-1.1989472e-05
2235	-1.1989474e-05
2236	-1.1989476e-05
2237	-1.1989477e-05
2238	-1.1989479e-05
2239	-1.1989481e-05
2240	-1.1989483e-05
2241	-1.1989485e-05
2242	-1.1989486e-05
2243	-1.1989488e-05
2244	-1.198949e-05
2245	-1.1989491e-05
2246	-1.1989493e-05
2247	-1.1989495e-05
2248	-1.1989497e-05
2249	-1.1989498e-05
2250	-1.19895e-05
2251	-1.1989502e-05
2252	-1.1989503e-05
2253	-1.1989505e-05
2254	-1.1989507e-05
2255	-1.1989508e-05
2256	-1.198951e-05
2257	-1.1989512e-05
2258	-1.1989513e-05
2259	-1.1989515e-05
2260	-1.1989517e-05
2261	-1.1989518e-05
2262	-1.198952e-05
2263	-1.1989521e-05
2264	-1.1989523e-05
2265	-1.1989525e-05
2266	-1.1989526e-05
2267	-1.1989528e-05
2268	-1.1989529e-05
2269	-1.1989531e-05
2270	-1.1989533e-05
2271	-1.1989534e-05
2272	-1.1989536e-05
2273	-1.1989537e-05
2274	-1.1989539e-05
2275	-1.198954e-05
2276	-1.1989542e-05
2277	-1.1989543e-05
2278	-1.1989545e-05
2279	-1.1989546e-05
2280	-1.1989548e-05
2281	-1.1989549e-05
2282	-1.1989551e-05
2283	-1.1989552e-05
2284	-1.1989554e-05
2285	-1.1989555e-05
2286	-1.1989557e-05
2287	-1.1989558e-05
2288	-1.198956e-05
2289	-1.1989561e-05
2290	-1.1989562e-05
2291	-1.1989564e-05
2292	-1.1989565e-05
2293	-1.1989567e-05
2294	-1.1989568e-05
2295	-1.198957e-05
2296	-1.1989571e-05
2297	-1.1989572e-05
2298	-1.1989574e-05
2299	-1.1989575e-05
2300	-1.1989577e-05
2301	-1.1989578e-05
2302	-1.1989579e-05
2303	-1.1989581e-05
2304	-1.1989582e-05
2305	-1.1989583e-05
2306	-1.1989585e-05
2307	-1.1989586e-05
2308	-1.1989587e-05
2309	-1.1989589e-05
2310	-1.198959e-05
2311	-1.1989591e-05
2312	-1.1989593e-05
2313	-1.1989594e-05
2314	-1.1989595e-05
2315	-1.1989597e-05
2316	-1.1989598e-05
2317	-1.1989599e-05
2318	-1.19896e-05
2319	-1.1989602e-05
2320	-1.1989603e-05
2321	-1.1989604e-05
2322	-1.1989606e-05
2323	-1.1989607e-05
2324	-1.1989608e-05
2325	-1.1989609e-05
2326	-1.1989611e-05
2327	-1.1989612e-05
2328	-1.1989613e-05
2329	-1.1989614e-05
2330	-1.1989615e-05
2331	-1.1989617e-05
2332	-1.1989618e-05
2333	-1.1989619e-05
2334	-1.198962e-05
2335	-1.1989621e-05
