1	-1.4076205e-07
2	-2.7911388e-07
3	-4.1511091e-07
4	-5.4880697e-07
5	-6.8025434e-07
6	-8.0950379e-07
7	-9.3660468e-07
8	-1.061605e-06
9	-1.1845512e-06
10	-1.3054887e-06
11	-1.4244616e-06
12	-1.5415126e-06
13	-1.6566835e-06
14	-1.7700146e-06
15	-1.8815456e-06
16	-1.9913146e-06
17	-2.0993591e-06
18	-2.2057154e-06
19	-2.3104189e-06
20	-2.413504e-06
21	-2.5150042e-06
22	-2.6149523e-06
23	-2.71338e-06
24	-2.8103183e-06
25	-2.9057976e-06
26	-2.9998471e-06
27	-3.0924956e-06
28	-3.1837711e-06
29	-3.2737008e-06
30	-3.3623114e-06
31	-3.4496287e-06
32	-3.535678e-06
33	-3.6204841e-06
34	-3.7040709e-06
35	-3.786462e-06
36	-3.8676802e-06
37	-3.947748e-06
38	-4.0266871e-06
39	-4.1045189e-06
40	-4.1812642e-06
41	-4.2569432e-06
42	-4.3315758e-06
43	-4.4051815e-06
44	-4.477779e-06
45	-4.5493869e-06
46	-4.6200232e-06
47	-4.6897057e-06
48	-4.7584514e-06
49	-4.8262774e-06
50	-4.8932e-06
51	-4.9592354e-06
52	-5.0243993e-06
53	-5.088707e-06
54	-5.1521737e-06
55	-5.2148141e-06
56	-5.2766425e-06
57	-5.3376731e-06
58	-5.3979195e-06
59	-5.4573954e-06
60	-5.5161138e-06
61	-5.5740877e-06
62	-5.6313297e-06
63	-5.6878522e-06
64	-5.7436672e-06
65	-5.7987866e-06
66	-5.8532221e-06
67	-5.9069848e-06
68	-5.960086e-06
69	-6.0125366e-06
70	-6.0643472e-06
71	-6.1155282e-06
72	-6.1660899e-06
73	-6.2160422e-06
74	-6.2653951e-06
75	-6.3141581e-06
76	-6.3623407e-06
77	-6.409952e-06
78	-6.4570012e-06
79	-6.5034971e-06
80	-6.5494484e-06
81	-6.5948636e-06
82	-6.6397511e-06
83	-6.684119e-06
84	-6.7279755e-06
85	-6.7713284e-06
86	-6.8141854e-06
87	-6.8565541e-06
88	-6.8984419e-06
89	-6.9398561e-06
90	-6.9808039e-06
91	-7.0212923e-06
92	-7.0613282e-06
93	-7.1009183e-06
94	-7.1400692e-06
95	-7.1787876e-06
96	-7.2170796e-06
97	-7.2549517e-06
98	-7.2924099e-06
99	-7.3294604e-06
100	-7.366109e-06
101	-7.4023615e-06
102	-7.4382237e-06
103	-7.4737011e-06
104	-7.5087994e-06
105	-7.5435238e-06
106	-7.5778797e-06
107	-7.6118724e-06
108	-7.6455069e-06
109	-7.6787883e-06
110	-7.7117215e-06
111	-7.7443114e-06
112	-7.7765628e-06
113	-7.8084804e-06
114	-7.8400687e-06
115	-7.8713323e-06
116	-7.9022757e-06
117	-7.9329032e-06
118	-7.9632191e-06
119	-7.9932276e-06
120	-8.022933e-06
121	-8.0523393e-06
122	-8.0814505e-06
123	-8.1102705e-06
124	-8.1388032e-06
125	-8.1670525e-06
126	-8.1950222e-06
127	-8.2227158e-06
128	-8.250137e-06
129	-8.2772894e-06
130	-8.3041766e-06
131	-8.3308019e-06
132	-8.3571687e-06
133	-8.3832805e-06
134	-8.4091404e-06
135	-8.4347517e-06
136	-8.4601177e-06
137	-8.4852413e-06
138	-8.5101258e-06
139	-8.5347741e-06
140	-8.5591893e-06
141	-8.5833742e-06
142	-8.6073317e-06
143	-8.6310648e-06
144	-8.6545761e-06
145	-8.6778685e-06
146	-8.7009446e-06
147	-8.7238072e-06
148	-8.7464588e-06
149	-8.7689021e-06
150	-8.7911395e-06
151	-8.8131737e-06
152	-8.835007e-06
153	-8.8566419e-06
154	-8.8780809e-06
155	-8.8993262e-06
156	-8.9203801e-06
157	-8.9412451e-06
158	-8.9619232e-06
159	-8.9824168e-06
160	-9.002728e-06
161	-9.0228591e-06
162	-9.042812e-06
163	-9.0625889e-06
164	-9.0821918e-06
165	-9.1016229e-06
166	-9.120884e-06
167	-9.1399772e-06
168	-9.1589044e-06
169	-9.1776675e-06
170	-9.1962684e-06
171	-9.2147089e-06
172	-9.2329909e-06
173	-9.2511162e-06
174	-9.2690866e-06
175	-9.2869038e-06
176	-9.3045696e-06
177	-9.3220856e-06
178	-9.3394535e-06
179	-9.356675e-06
180	-9.3737517e-06
181	-9.3906853e-06
182	-9.4074773e-06
183	-9.4241292e-06
184	-9.4406427e-06
185	-9.4570193e-06
186	-9.4732604e-06
187	-9.4893675e-06
188	-9.5053421e-06
189	-9.5211856e-06
190	-9.5368994e-06
191	-9.5524851e-06
192	-9.5679438e-06
193	-9.583277e-06
194	-9.598486e-06
195	-9.6135723e-06
196	-9.6285369e-06
197	-9.6433813e-06
198	-9.6581068e-06
199	-9.6727145e-06
200	-9.6872057e-06
201	-9.7015817e-06
202	-9.7158437e-06
203	-9.7299927e-06
204	-9.7440301e-06
205	-9.757957e-06
206	-9.7717745e-06
207	-9.7854837e-06
208	-9.7990857e-06
209	-9.8125818e-06
210	-9.8259728e-06
211	-9.83926e-06
212	-9.8524444e-06
213	-9.865527e-06
214	-9.8785088e-06
215	-9.8913908e-06
216	-9.9041742e-06
217	-9.9168598e-06
218	-9.9294486e-06
219	-9.9419416e-06
220	-9.9543398e-06
221	-9.9666441e-06
222	-9.9788554e-06
223	-9.9909747e-06
224	-1.0003003e-05
225	-1.0014941e-05
226	-1.0026789e-05
227	-1.0038549e-05
228	-1.0050221e-05
229	-1.0061807e-05
230	-1.0073307e-05
231	-1.0084721e-05
232	-1.0096051e-05
233	-1.0107298e-05
234	-1.0118462e-05
235	-1.0129544e-05
236	-1.0140545e-05
237	-1.0151466e-05
238	-1.0162307e-05
239	-1.017307e-05
240	-1.0183754e-05
241	-1.0194361e-05
242	-1.0204891e-05
243	-1.0215346e-05
244	-1.0225725e-05
245	-1.023603e-05
246	-1.0246261e-05
247	-1.0256418e-05
248	-1.0266504e-05
249	-1.0276518e-05
250	-1.028646e-05
251	-1.0296332e-05
252	-1.0306135e-05
253	-1.0315868e-05
254	-1.0325532e-05
255	-1.0335129e-05
256	-1.0344658e-05
257	-1.0354121e-05
258	-1.0363518e-05
259	-1.0372849e-05
260	-1.0382115e-05
261	-1.0391317e-05
262	-1.0400455e-05
263	-1.040953e-05
264	-1.0418542e-05
265	-1.0427492e-05
266	-1.0436381e-05
267	-1.0445209e-05
268	-1.0453976e-05
269	-1.0462684e-05
270	-1.0471332e-05
271	-1.0479921e-05
272	-1.0488452e-05
273	-1.0496925e-05
274	-1.050534e-05
275	-1.0513699e-05
276	-1.0522002e-05
277	-1.0530248e-05
278	-1.0538439e-05
279	-1.0546576e-05
280	-1.0554657e-05
281	-1.0562685e-05
282	-1.0570659e-05
283	-1.0578581e-05
284	-1.0586449e-05
285	-1.0594266e-05
286	-1.060203e-05
287	-1.0609744e-05
288	-1.0617406e-05
289	-1.0625018e-05
290	-1.063258e-05
291	-1.0640093e-05
292	-1.0647556e-05
293	-1.0654971e-05
294	-1.0662337e-05
295	-1.0669655e-05
296	-1.0676925e-05
297	-1.0684149e-05
298	-1.0691325e-05
299	-1.0698455e-05
300	-1.0705539e-05
301	-1.0712578e-05
302	-1.0719571e-05
303	-1.0726519e-05
304	-1.0733422e-05
305	-1.0740282e-05
306	-1.0747097e-05
307	-1.0753869e-05
308	-1.0760598e-05
309	-1.0767284e-05
310	-1.0773927e-05
311	-1.0780529e-05
312	-1.0787088e-05
313	-1.0793607e-05
314	-1.0800084e-05
315	-1.080652e-05
316	-1.0812916e-05
317	-1.0819271e-05
318	-1.0825587e-05
319	-1.0831863e-05
320	-1.08381e-05
321	-1.0844298e-05
322	-1.0850457e-05
323	-1.0856578e-05
324	-1.0862661e-05
325	-1.0868706e-05
326	-1.0874714e-05
327	-1.0880685e-05
328	-1.0886619e-05
329	-1.0892516e-05
330	-1.0898377e-05
331	-1.0904202e-05
332	-1.0909991e-05
333	-1.0915744e-05
334	-1.0921463e-05
335	-1.0927146e-05
336	-1.0932795e-05
337	-1.0938409e-05
338	-1.0943989e-05
339	-1.0949535e-05
340	-1.0955048e-05
341	-1.0960527e-05
342	-1.0965973e-05
343	-1.0971386e-05
344	-1.0976767e-05
345	-1.0982115e-05
346	-1.098743e-05
347	-1.0992714e-05
348	-1.0997966e-05
349	-1.1003187e-05
350	-1.1008376e-05
351	-1.1013535e-05
352	-1.1018662e-05
353	-1.1023759e-05
354	-1.1028826e-05
355	-1.1033863e-05
356	-1.1038869e-05
357	-1.1043846e-05
358	-1.1048794e-05
359	-1.1053712e-05
360	-1.1058601e-05
361	-1.1063462e-05
362	-1.1068293e-05
363	-1.1073097e-05
364	-1.1077872e-05
365	-1.1082619e-05
366	-1.1087338e-05
367	-1.1092029e-05
368	-1.1096693e-05
369	-1.110133e-05
370	-1.110594e-05
371	-1.1110523e-05
372	-1.1115079e-05
373	-1.1119609e-05
374	-1.1124113e-05
375	-1.112859e-05
376	-1.1133042e-05
377	-1.1137467e-05
378	-1.1141868e-05
379	-1.1146242e-05
380	-1.1150592e-05
381	-1.1154916e-05
382	-1.1159216e-05
383	-1.1163491e-05
384	-1.1167741e-05
385	-1.1171967e-05
386	-1.1176169e-05
387	-1.1180347e-05
388	-1.1184501e-05
389	-1.1188631e-05
390	-1.1192738e-05
391	-1.1196822e-05
392	-1.1200882e-05
393	-1.1204919e-05
394	-1.1208933e-05
395	-1.1212924e-05
396	-1.1216893e-05
397	-1.122084e-05
398	-1.1224764e-05
399	-1.1228666e-05
400	-1.1232546e-05
401	-1.1236404e-05
402	-1.124024e-05
403	-1.1244055e-05
404	-1.1247848e-05
405	-1.1251621e-05
406	-1.1255372e-05
407	-1.1259102e-05
408	-1.1262811e-05
409	-1.1266499e-05
410	-1.1270167e-05
411	-1.1273815e-05
412	-1.1277442e-05
413	-1.1281049e-05
414	-1.1284635e-05
415	-1.1288202e-05
416	-1.129175e-05
417	-1.1295277e-05
418	-1.1298785e-05
419	-1.1302274e-05
420	-1.1305743e-05
421	-1.1309193e-05
422	-1.1312624e-05
423	-1.1316037e-05
424	-1.131943e-05
425	-1.1322805e-05
426	-1.1326161e-05
427	-1.1329499e-05
428	-1.1332819e-05
429	-1.133612e-05
430	-1.1339403e-05
431	-1.1342668e-05
432	-1.1345916e-05
433	-1.1349146e-05
434	-1.1352358e-05
435	-1.1355552e-05
436	-1.135873e-05
437	-1.136189e-05
438	-1.1365032e-05
439	-1.1368158e-05
440	-1.1371267e-05
441	-1.1374359e-05
442	-1.1377434e-05
443	-1.1380492e-05
444	-1.1383534e-05
445	-1.138656e-05
446	-1.1389569e-05
447	-1.1392562e-05
448	-1.1395538e-05
449	-1.1398499e-05
450	-1.1401444e-05
451	-1.1404373e-05
452	-1.1407286e-05
453	-1.1410184e-05
454	-1.1413066e-05
455	-1.1415933e-05
456	-1.1418784e-05
457	-1.142162e-05
458	-1.1424441e-05
459	-1.1427247e-05
460	-1.1430037e-05
461	-1.1432813e-05
462	-1.1435574e-05
463	-1.1438321e-05
464	-1.1441053e-05
465	-1.144377e-05
466	-1.1446473e-05
467	-1.1449161e-05
468	-1.1451835e-05
469	-1.1454495e-05
470	-1.1457141e-05
471	-1.1459773e-05
472	-1.1462391e-05
473	-1.1464995e-05
474	-1.1467586e-05
475	-1.1470162e-05
476	-1.1472726e-05
477	-1.1475275e-05
478	-1.1477811e-05
479	-1.1480334e-05
480	-1.1482844e-05
481	-1.148534e-05
482	-1.1487823e-05
483	-1.1490293e-05
484	-1.1492751e-05
485	-1.1495195e-05
486	-1.1497627e-05
487	-1.1500045e-05
488	-1.1502452e-05
489	-1.1504845e-05
490	-1.1507226e-05
491	-1.1509595e-05
492	-1.1511951e-05
493	-1.1514295e-05
494	-1.1516627e-05
495	-1.1518946e-05
496	-1.1521254e-05
497	-1.1523549e-05
498	-1.1525833e-05
499	-1.1528105e-05
500	-1.1530365e-05
501	-1.1532613e-05
502	-1.1534849e-05
503	-1.1537074e-05
504	-1.1539288e-05
505	-1.154149e-05
506	-1.154368e-05
507	-1.154586e-05
508	-1.1548028e-05
509	-1.1550184e-05
510	-1.155233e-05
511	-1.1554465e-05
512	-1.1556588e-05
513	-1.1558701e-05
514	-1.1560803e-05
515	-1.1562894e-05
516	-1.1564974e-05
517	-1.1567043e-05
518	-1.1569102e-05
519	-1.157115e-05
520	-1.1573188e-05
521	-1.1575216e-05
522	-1.1577233e-05
523	-1.1579239e-05
524	-1.1581235e-05
525	-1.1583222e-05
526	-1.1585198e-05
527	-1.1587163e-05
528	-1.1589119e-05
529	-1.1591065e-05
530	-1.1593001e-05
531	-1.1594927e-05
532	-1.1596843e-05
533	-1.159875e-05
534	-1.1600646e-05
535	-1.1602533e-05
536	-1.1604411e-05
537	-1.1606279e-05
538	-1.1608137e-05
539	-1.1609986e-05
540	-1.1611826e-05
541	-1.1613656e-05
542	-1.1615477e-05
543	-1.1617289e-05
544	-1.1619091e-05
545	-1.1620885e-05
546	-1.1622669e-05
547	-1.1624444e-05
548	-1.162621e-05
549	-1.1627968e-05
550	-1.1629716e-05
551	-1.1631456e-05
552	-1.1633187e-05
553	-1.1634909e-05
554	-1.1636623e-05
555	-1.1638327e-05
556	-1.1640024e-05
557	-1.1641711e-05
558	-1.1643391e-05
559	-1.1645061e-05
560	-1.1646724e-05
561	-1.1648378e-05
562	-1.1650023e-05
563	-1.1651661e-05
564	-1.165329e-05
565	-1.1654911e-05
566	-1.1656524e-05
567	-1.1658129e-05
568	-1.1659725e-05
569	-1.1661314e-05
570	-1.1662895e-05
571	-1.1664468e-05
572	-1.1666033e-05
573	-1.166759e-05
574	-1.1669139e-05
575	-1.1670681e-05
576	-1.1672215e-05
577	-1.1673741e-05
578	-1.167526e-05
579	-1.1676771e-05
580	-1.1678274e-05
581	-1.167977e-05
582	-1.1681259e-05
583	-1.168274e-05
584	-1.1684214e-05
585	-1.168568e-05
586	-1.168714e-05
587	-1.1688591e-05
588	-1.1690036e-05
589	-1.1691474e-05
590	-1.1692904e-05
591	-1.1694327e-05
592	-1.1695743e-05
593	-1.1697153e-05
594	-1.1698555e-05
595	-1.169995e-05
596	-1.1701338e-05
597	-1.170272e-05
598	-1.1704094e-05
599	-1.1705462e-05
600	-1.1706823e-05
601	-1.1708177e-05
602	-1.1709525e-05
603	-1.1710866e-05
604	-1.17122e-05
605	-1.1713528e-05
606	-1.1714849e-05
607	-1.1716163e-05
608	-1.1717471e-05
609	-1.1718773e-05
610	-1.1720068e-05
611	-1.1721357e-05
612	-1.1722639e-05
613	-1.1723916e-05
614	-1.1725185e-05
615	-1.1726449e-05
616	-1.1727706e-05
617	-1.1728958e-05
618	-1.1730203e-05
619	-1.1731442e-05
620	-1.1732674e-05
621	-1.1733901e-05
622	-1.1735122e-05
623	-1.1736337e-05
624	-1.1737545e-05
625	-1.1738748e-05
626	-1.1739945e-05
627	-1.1741136e-05
628	-1.1742321e-05
629	-1.1743501e-05
630	-1.1744674e-05
631	-1.1745842e-05
632	-1.1747004e-05
633	-1.1748161e-05
634	-1.1749312e-05
635	-1.1750457e-05
636	-1.1751596e-05
637	-1.175273e-05
638	-1.1753859e-05
639	-1.1754982e-05
640	-1.1756099e-05
641	-1.1757211e-05
642	-1.1758318e-05
643	-1.1759419e-05
644	-1.1760515e-05
645	-1.1761605e-05
646	-1.176269e-05
647	-1.176377e-05
648	-1.1764844e-05
649	-1.1765914e-05
650	-1.1766978e-05
651	-1.1768037e-05
652	-1.176909e-05
653	-1.1770139e-05
654	-1.1771182e-05
655	-1.1772221e-05
656	-1.1773254e-05
657	-1.1774282e-05
658	-1.1775306e-05
659	-1.1776324e-05
660	-1.1777337e-05
661	-1.1778346e-05
662	-1.177935e-05
663	-1.1780348e-05
664	-1.1781342e-05
665	-1.1782331e-05
666	-1.1783315e-05
667	-1.1784295e-05
668	-1.1785269e-05
669	-1.1786239e-05
670	-1.1787205e-05
671	-1.1788165e-05
672	-1.1789121e-05
673	-1.1790072e-05
674	-1.1791019e-05
675	-1.1791961e-05
676	-1.1792899e-05
677	-1.1793832e-05
678	-1.179476e-05
679	-1.1795684e-05
680	-1.1796604e-05
681	-1.1797519e-05
682	-1.1798429e-05
683	-1.1799336e-05
684	-1.1800237e-05
685	-1.1801135e-05
686	-1.1802028e-05
687	-1.1802917e-05
688	-1.1803801e-05
689	-1.1804682e-05
690	-1.1805558e-05
691	-1.1806429e-05
692	-1.1807297e-05
693	-1.180816e-05
694	-1.180902e-05
695	-1.1809875e-05
696	-1.1810726e-05
697	-1.1811573e-05
698	-1.1812415e-05
699	-1.1813254e-05
700	-1.1814089e-05
701	-1.1814919e-05
702	-1.1815746e-05
703	-1.1816569e-05
704	-1.1817387e-05
705	-1.1818202e-05
706	-1.1819013e-05
707	-1.181982e-05
708	-1.1820623e-05
709	-1.1821422e-05
710	-1.1822218e-05
711	-1.1823009e-05
712	-1.1823797e-05
713	-1.1824581e-05
714	-1.1825361e-05
715	-1.1826138e-05
716	-1.182691e-05
717	-1.1827679e-05
718	-1.1828445e-05
719	-1.1829206e-05
720	-1.1829964e-05
721	-1.1830718e-05
722	-1.1831469e-05
723	-1.1832216e-05
724	-1.183296e-05
725	-1.18337e-05
726	-1.1834436e-05
727	-1.1835169e-05
728	-1.1835898e-05
729	-1.1836624e-05
730	-1.1837347e-05
731	-1.1838066e-05
732	-1.1838781e-05
733	-1.1839493e-05
734	-1.1840202e-05
735	-1.1840907e-05
736	-1.1841609e-05
737	-1.1842308e-05
738	-1.1843003e-05
739	-1.1843695e-05
740	-1.1844383e-05
741	-1.1845068e-05
742	-1.184575e-05
743	-1.1846429e-05
744	-1.1847105e-05
745	-1.1847777e-05
746	-1.1848446e-05
747	-1.1849112e-05
748	-1.1849774e-05
749	-1.1850434e-05
750	-1.185109e-05
751	-1.1851743e-05
752	-1.1852394e-05
753	-1.1853041e-05
754	-1.1853684e-05
755	-1.1854325e-05
756	-1.1854963e-05
757	-1.1855598e-05
758	-1.1856229e-05
759	-1.1856858e-05
760	-1.1857484e-05
761	-1.1858107e-05
762	-1.1858726e-05
763	-1.1859343e-05
764	-1.1859957e-05
765	-1.1860568e-05
766	-1.1861176e-05
767	-1.1861781e-05
768	-1.1862383e-05
769	-1.1862983e-05
770	-1.1863579e-05
771	-1.1864173e-05
772	-1.1864764e-05
773	-1.1865352e-05
774	-1.1865937e-05
775	-1.1866519e-05
776	-1.1867099e-05
777	-1.1867676e-05
778	-1.186825e-05
779	-1.1868821e-05
780	-1.186939e-05
781	-1.1869956e-05
782	-1.1870519e-05
783	-1.187108e-05
784	-1.1871638e-05
785	-1.1872193e-05
786	-1.1872746e-05
787	-1.1873296e-05
788	-1.1873844e-05
789	-1.1874388e-05
790	-1.1874931e-05
791	-1.187547e-05
792	-1.1876008e-05
793	-1.1876542e-05
794	-1.1877074e-05
795	-1.1877604e-05
796	-1.1878131e-05
797	-1.1878655e-05
798	-1.1879177e-05
799	-1.1879697e-05
800	-1.1880214e-05
801	-1.1880728e-05
802	-1.188124e-05
803	-1.188175e-05
804	-1.1882258e-05
805	-1.1882762e-05
806	-1.1883265e-05
807	-1.1883765e-05
808	-1.1884263e-05
809	-1.1884758e-05
810	-1.1885251e-05
811	-1.1885742e-05
812	-1.188623e-05
813	-1.1886717e-05
814	-1.18872e-05
815	-1.1887682e-05
816	-1.1888161e-05
817	-1.1888638e-05
818	-1.1889113e-05
819	-1.1889585e-05
820	-1.1890055e-05
821	-1.1890523e-05
822	-1.1890989e-05
823	-1.1891453e-05
824	-1.1891914e-05
825	-1.1892373e-05
826	-1.189283e-05
827	-1.1893285e-05
828	-1.1893738e-05
829	-1.1894188e-05
830	-1.1894637e-05
831	-1.1895083e-05
832	-1.1895527e-05
833	-1.1895969e-05
834	-1.1896409e-05
835	-1.1896847e-05
836	-1.1897283e-05
837	-1.1897717e-05
838	-1.1898148e-05
839	-1.1898578e-05
840	-1.1899006e-05
841	-1.1899431e-05
842	-1.1899855e-05
843	-1.1900277e-05
844	-1.1900696e-05
845	-1.1901114e-05
846	-1.190153e-05
847	-1.1901943e-05
848	-1.1902355e-05
849	-1.1902765e-05
850	-1.1903173e-05
851	-1.1903579e-05
852	-1.1903983e-05
853	-1.1904385e-05
854	-1.1904785e-05
855	-1.1905184e-05
856	-1.190558e-05
857	-1.1905975e-05
858	-1.1906367e-05
859	-1.1906758e-05
860	-1.1907147e-05
861	-1.1907535e-05
862	-1.190792e-05
863	-1.1908304e-05
864	-1.1908685e-05
865	-1.1909065e-05
866	-1.1909443e-05
867	-1.190982e-05
868	-1.1910194e-05
869	-1.1910567e-05
870	-1.1910938e-05
871	-1.1911308e-05
872	-1.1911675e-05
873	-1.1912041e-05
874	-1.1912405e-05
875	-1.1912768e-05
876	-1.1913128e-05
877	-1.1913487e-05
878	-1.1913845e-05
879	-1.19142e-05
880	-1.1914554e-05
881	-1.1914907e-05
882	-1.1915257e-05
883	-1.1915606e-05
884	-1.1915954e-05
885	-1.1916299e-05
886	-1.1916643e-05
887	-1.1916986e-05
888	-1.1917327e-05
889	-1.1917666e-05
890	-1.1918004e-05
891	-1.191834e-05
892	-1.1918674e-05
893	-1.1919007e-05
894	-1.1919338e-05
895	-1.1919668e-05
896	-1.1919997e-05
897	-1.1920323e-05
898	-1.1920648e-05
899	-1.1920972e-05
900	-1.1921294e-05
901	-1.1921615e-05
902	-1.1921934e-05
903	-1.1922251e-05
904	-1.1922567e-05
905	-1.1922882e-05
906	-1.1923195e-05
907	-1.1923507e-05
908	-1.1923817e-05
909	-1.1924126e-05
910	-1.1924433e-05
911	-1.1924739e-05
912	-1.1925043e-05
913	-1.1925346e-05
914	-1.1925648e-05
915	-1.1925948e-05
916	-1.1926246e-05
917	-1.1926544e-05
918	-1.192684e-05
919	-1.1927134e-05
920	-1.1927427e-05
921	-1.1927719e-05
922	-1.192801e-05
923	-1.1928299e-05
924	-1.1928586e-05
925	-1.1928873e-05
926	-1.1929157e-05
927	-1.1929441e-05
928	-1.1929723e-05
929	-1.1930004e-05
930	-1.1930284e-05
931	-1.1930562e-05
932	-1.1930839e-05
933	-1.1931115e-05
934	-1.193139e-05
935	-1.1931663e-05
936	-1.1931935e-05
937	-1.1932205e-05
938	-1.1932475e-05
939	-1.1932743e-05
940	-1.1933009e-05
941	-1.1933275e-05
942	-1.1933539e-05
943	-1.1933802e-05
944	-1.1934064e-05
945	-1.1934325e-05
946	-1.1934584e-05
947	-1.1934842e-05
948	-1.1935099e-05
949	-1.1935355e-05
950	-1.193561e-05
951	-1.1935863e-05
952	-1.1936115e-05
953	-1.1936366e-05
954	-1.1936616e-05
955	-1.1936865e-05
956	-1.1937112e-05
957	-1.1937358e-05
958	-1.1937604e-05
959	-1.1937848e-05
960	-1.193809e-05
961	-1.1938332e-05
962	-1.1938573e-05
963	-1.1938812e-05
964	-1.1939051e-05
965	-1.1939288e-05
966	-1.1939524e-05
967	-1.1939759e-05
968	-1.1939993e-05
969	-1.1940226e-05
970	-1.1940457e-05
971	-1.1940688e-05
972	-1.1940918e-05
973	-1.1941146e-05
974	-1.1941373e-05
975	-1.19416e-05
976	-1.1941825e-05
977	-1.1942049e-05
978	-1.1942272e-05
979	-1.1942495e-05
980	-1.1942716e-05
981	-1.1942936e-05
982	-1.1943155e-05
983	-1.1943373e-05
984	-1.194359e-05
985	-1.1943806e-05
986	-1.1944021e-05
987	-1.1944235e-05
988	-1.1944448e-05
989	-1.1944659e-05
990	-1.194487e-05
991	-1.194508e-05
992	-1.1945289e-05
993	-1.1945497e-05
994	-1.1945704e-05
995	-1.1945911e-05
996	-1.1946116e-05
997	-1.194632e-05
998	-1.1946523e-05
999	-1.1946725e-05
1000	-1.1946926e-05
1001	-1.1947127e-05
1002	-1.1947326e-05
1003	-1.1947525e-05
1004	-1.1947722e-05
1005	-1.1947919e-05
1006	-1.1948115e-05
1007	-1.1948309e-05
1008	-1.1948503e-05
1009	-1.1948696e-05
1010	-1.1948888e-05
1011	-1.1949079e-05
1012	-1.194927e-05
1013	-1.1949459e-05
1014	-1.1949648e-05
1015	-1.1949835e-05
1016	-1.1950022e-05
1017	-1.1950208e-05
1018	-1.1950393e-05
1019	-1.1950577e-05
1020	-1.195076e-05
1021	-1.1950943e-05
1022	-1.1951124e-05
1023	-1.1951305e-05
1024	-1.1951485e-05
1025	-1.1951664e-05
1026	-1.1951842e-05
1027	-1.1952019e-05
1028	-1.1952196e-05
1029	-1.1952371e-05
1030	-1.1952546e-05
1031	-1.195272e-05
1032	-1.1952894e-05
1033	-1.1953066e-05
1034	-1.1953238e-05
1035	-1.1953409e-05
1036	-1.1953579e-05
1037	-1.1953748e-05
1038	-1.1953916e-05
1039	-1.1954084e-05
1040	-1.1954251e-05
1041	-1.1954417e-05
1042	-1.1954582e-05
1043	-1.1954747e-05
1044	-1.1954911e-05
1045	-1.1955074e-05
1046	-1.1955236e-05
1047	-1.1955397e-05
1048	-1.1955558e-05
1049	-1.1955718e-05
1050	-1.1955877e-05
1051	-1.1956036e-05
1052	-1.1956193e-05
1053	-1.1956351e-05
1054	-1.1956507e-05
1055	-1.1956662e-05
1056	-1.1956817e-05
1057	-1.1956971e-05
1058	-1.1957125e-05
1059	-1.1957277e-05
1060	-1.1957429e-05
1061	-1.1957581e-05
1062	-1.1957731e-05
1063	-1.1957881e-05
1064	-1.195803e-05
1065	-1.1958178e-05
1066	-1.1958326e-05
1067	-1.1958473e-05
1068	-1.195862e-05
1069	-1.1958765e-05
1070	-1.195891e-05
1071	-1.1959055e-05
1072	-1.1959198e-05
1073	-1.1959341e-05
1074	-1.1959484e-05
1075	-1.1959625e-05
1076	-1.1959766e-05
1077	-1.1959907e-05
1078	-1.1960046e-05
1079	-1.1960185e-05
1080	-1.1960324e-05
1081	-1.1960461e-05
1082	-1.1960598e-05
1083	-1.1960735e-05
1084	-1.1960871e-05
1085	-1.1961006e-05
1086	-1.196114e-05
1087	-1.1961274e-05
1088	-1.1961408e-05
1089	-1.196154e-05
1090	-1.1961672e-05
1091	-1.1961804e-05
1092	-1.1961935e-05
1093	-1.1962065e-05
1094	-1.1962194e-05
1095	-1.1962323e-05
1096	-1.1962452e-05
1097	-1.196258e-05
1098	-1.1962707e-05
1099	-1.1962833e-05
1100	-1.1962959e-05
1101	-1.1963085e-05
1102	-1.196321e-05
1103	-1.1963334e-05
1104	-1.1963458e-05
1105	-1.1963581e-05
1106	-1.1963703e-05
1107	-1.1963825e-05
1108	-1.1963947e-05
1109	-1.1964067e-05
1110	-1.1964188e-05
1111	-1.1964307e-05
1112	-1.1964427e-05
1113	-1.1964545e-05
1114	-1.1964663e-05
1115	-1.1964781e-05
1116	-1.1964898e-05
1117	-1.1965014e-05
1118	-1.196513e-05
1119	-1.1965245e-05
1120	-1.196536e-05
1121	-1.1965474e-05
1122	-1.1965588e-05
1123	-1.1965701e-05
1124	-1.1965814e-05
1125	-1.1965926e-05
1126	-1.1966037e-05
1127	-1.1966148e-05
1128	-1.1966259e-05
1129	-1.1966369e-05
1130	-1.1966479e-05
1131	-1.1966588e-05
1132	-1.1966696e-05
1133	-1.1966804e-05
1134	-1.1966912e-05
1135	-1.1967019e-05
1136	-1.1967125e-05
1137	-1.1967231e-05
1138	-1.1967337e-05
1139	-1.1967442e-05
1140	-1.1967546e-05
1141	-1.196765e-05
1142	-1.1967754e-05
1143	-1.1967857e-05
1144	-1.1967959e-05
1145	-1.1968061e-05
1146	-1.1968163e-05
1147	-1.1968264e-05
1148	-1.1968365e-05
1149	-1.1968465e-05
1150	-1.1968565e-05
1151	-1.1968664e-05
1152	-1.1968763e-05
1153	-1.1968861e-05
1154	-1.1968959e-05
1155	-1.1969057e-05
1156	-1.1969154e-05
1157	-1.196925e-05
1158	-1.1969346e-05
1159	-1.1969442e-05
1160	-1.1969537e-05
1161	-1.1969632e-05
1162	-1.1969726e-05
1163	-1.196982e-05
1164	-1.1969914e-05
1165	-1.1970007e-05
1166	-1.1970099e-05
1167	-1.1970191e-05
1168	-1.1970283e-05
1169	-1.1970374e-05
1170	-1.1970465e-05
1171	-1.1970556e-05
1172	-1.1970646e-05
1173	-1.1970735e-05
1174	-1.1970824e-05
1175	-1.1970913e-05
1176	-1.1971001e-05
1177	-1.1971089e-05
1178	-1.1971177e-05
1179	-1.1971264e-05
1180	-1.1971351e-05
1181	-1.1971437e-05
1182	-1.1971523e-05
1183	-1.1971608e-05
1184	-1.1971694e-05
1185	-1.1971778e-05
1186	-1.1971863e-05
1187	-1.1971946e-05
1188	-1.197203e-05
1189	-1.1972113e-05
1190	-1.1972196e-05
1191	-1.1972278e-05
1192	-1.197236e-05
1193	-1.1972442e-05
1194	-1.1972523e-05
1195	-1.1972604e-05
1196	-1.1972684e-05
1197	-1.1972764e-05
1198	-1.1972844e-05
1199	-1.1972924e-05
1200	-1.1973003e-05
1201	-1.1973081e-05
1202	-1.1973159e-05
1203	-1.1973237e-05
1204	-1.1973315e-05
1205	-1.1973392e-05
1206	-1.1973469e-05
1207	-1.1973545e-05
1208	-1.1973621e-05
1209	-1.1973697e-05
1210	-1.1973772e-05
1211	-1.1973847e-05
1212	-1.1973922e-05
1213	-1.1973996e-05
1214	-1.197407e-05
1215	-1.1974144e-05
1216	-1.1974217e-05
1217	-1.197429e-05
1218	-1.1974363e-05
1219	-1.1974435e-05
1220	-1.1974507e-05
1221	-1.1974579e-05
1222	-1.197465e-05
1223	-1.1974721e-05
1224	-1.1974791e-05
1225	-1.1974862e-05
1226	-1.1974932e-05
1227	-1.1975001e-05
1228	-1.1975071e-05
1229	-1.197514e-05
1230	-1.1975208e-05
1231	-1.1975277e-05
1232	-1.1975345e-05
1233	-1.1975412e-05
1234	-1.197548e-05
1235	-1.1975547e-05
1236	-1.1975614e-05
1237	-1.197568e-05
1238	-1.1975746e-05
1239	-1.1975812e-05
1240	-1.1975878e-05
1241	-1.1975943e-05
1242	-1.1976008e-05
1243	-1.1976072e-05
1244	-1.1976137e-05
1245	-1.1976201e-05
1246	-1.1976264e-05
1247	-1.1976328e-05
1248	-1.1976391e-05
1249	-1.1976454e-05
1250	-1.1976516e-05
1251	-1.1976579e-05
1252	-1.197664e-05
1253	-1.1976702e-05
1254	-1.1976764e-05
1255	-1.1976825e-05
1256	-1.1976885e-05
1257	-1.1976946e-05
1258	-1.1977006e-05
1259	-1.1977066e-05
1260	-1.1977126e-05
1261	-1.1977185e-05
1262	-1.1977244e-05
1263	-1.1977303e-05
1264	-1.1977362e-05
1265	-1.197742e-05
1266	-1.1977478e-05
1267	-1.1977536e-05
1268	-1.1977593e-05
1269	-1.1977651e-05
1270	-1.1977708e-05
1271	-1.1977764e-05
1272	-1.1977821e-05
1273	-1.1977877e-05
1274	-1.1977933e-05
1275	-1.1977989e-05
1276	-1.1978044e-05
1277	-1.1978099e-05
1278	-1.1978154e-05
1279	-1.1978209e-05
1280	-1.1978263e-05
1281	-1.1978317e-05
1282	-1.1978371e-05
1283	-1.1978425e-05
1284	-1.1978478e-05
1285	-1.1978531e-05
1286	-1.1978584e-05
1287	-1.1978637e-05
1288	-1.1978689e-05
1289	-1.1978741e-05
1290	-1.1978793e-05
1291	-1.1978845e-05
1292	-1.1978896e-05
1293	-1.1978947e-05
1294	-1.1978998e-05
1295	-1.1979049e-05
1296	-1.1979099e-05
1297	-1.197915e-05
1298	-1.19792e-05
1299	-1.1979249e-05
1300	-1.1979299e-05
1301	-1.1979348e-05
1302	-1.1979397e-05
1303	-1.1979446e-05
1304	-1.1979495e-05
1305	-1.1979543e-05
1306	-1.1979591e-05
1307	-1.1979639e-05
1308	-1.1979687e-05
1309	-1.1979734e-05
1310	-1.1979782e-05
1311	-1.1979829e-05
1312	-1.1979876e-05
1313	-1.1979922e-05
1314	-1.1979969e-05
1315	-1.1980015e-05
1316	-1.1980061e-05
1317	-1.1980106e-05
1318	-1.1980152e-05
1319	-1.1980197e-05
1320	-1.1980242e-05
1321	-1.1980287e-05
1322	-1.1980332e-05
1323	-1.1980377e-05
1324	-1.1980421e-05
1325	-1.1980465e-05
1326	-1.1980509e-05
1327	-1.1980553e-05
1328	-1.1980596e-05
1329	-1.1980639e-05
1330	-1.1980682e-05
1331	-1.1980725e-05
1332	-1.1980768e-05
1333	-1.198081e-05
1334	-1.1980853e-05
1335	-1.1980895e-05
1336	-1.1980937e-05
1337	-1.1980978e-05
1338	-1.198102e-05
1339	-1.1981061e-05
1340	-1.1981102e-05
1341	-1.1981143e-05
1342	-1.1981184e-05
1343	-1.1981224e-05
1344	-1.1981265e-05
1345	-1.1981305e-05
1346	-1.1981345e-05
1347	-1.1981385e-05
1348	-1.1981424e-05
1349	-1.1981464e-05
1350	-1.1981503e-05
1351	-1.1981542e-05
1352	-1.1981581e-05
1353	-1.1981619e-05
1354	-1.1981658e-05
1355	-1.1981696e-05
1356	-1.1981734e-05
1357	-1.1981772e-05
1358	-1.198181e-05
1359	-1.1981848e-05
1360	-1.1981885e-05
1361	-1.1981922e-05
1362	-1.198196e-05
1363	-1.1981996e-05
1364	-1.1982033e-05
1365	-1.198207e-05
1366	-1.1982106e-05
1367	-1.1982142e-05
1368	-1.1982179e-05
1369	-1.1982214e-05
1370	-1.198225e-05
1371	-1.1982286e-05
1372	-1.1982321e-05
1373	-1.1982356e-05
1374	-1.1982391e-05
1375	-1.1982426e-05
1376	-1.1982461e-05
1377	-1.1982496e-05
1378	-1.198253e-05
1379	-1.1982564e-05
1380	-1.1982599e-05
1381	-1.1982633e-05
1382	-1.1982666e-05
1383	-1.19827e-05
1384	-1.1982733e-05
1385	-1.1982767e-05
1386	-1.19828e-05
1387	-1.1982833e-05
1388	-1.1982866e-05
1389	-1.1982899e-05
1390	-1.1982931e-05
1391	-1.1982963e-05
1392	-1.1982996e-05
1393	-1.1983028e-05
1394	-1.198306e-05
1395	-1.1983092e-05
1396	-1.1983123e-05
1397	-1.1983155e-05
1398	-1.1983186e-05
1399	-1.1983217e-05
1400	-1.1983248e-05
1401	-1.1983279e-05
1402	-1.198331e-05
1403	-1.1983341e-05
1404	-1.1983371e-05
1405	-1.1983402e-05
1406	-1.1983432e-05
1407	-1.1983462e-05
1408	-1.1983492e-05
1409	-1.1983522e-05
1410	-1.1983551e-05
1411	-1.1983581e-05
1412	-1.198361e-05
1413	-1.198364e-05
1414	-1.1983669e-05
1415	-1.1983698e-05
1416	-1.1983726e-05
1417	-1.1983755e-05
1418	-1.1983784e-05
1419	-1.1983812e-05
1420	-1.1983841e-05
1421	-1.1983869e-05
1422	-1.1983897e-05
1423	-1.1983925e-05
1424	-1.1983952e-05
1425	-1.198398e-05
1426	-1.1984008e-05
1427	-1.1984035e-05
1428	-1.1984062e-05
1429	-1.1984089e-05
1430	-1.1984116e-05
1431	-1.1984143e-05
1432	-1.198417e-05
1433	-1.1984197e-05
1434	-1.1984223e-05
1435	-1.198425e-05
1436	-1.1984276e-05
1437	-1.1984302e-05
1438	-1.1984328e-05
1439	-1.1984354e-05
1440	-1.198438e-05
1441	-1.1984406e-05
1442	-1.1984431e-05
1443	-1.1984457e-05
1444	-1.1984482e-05
1445	-1.1984507e-05
1446	-1.1984532e-05
1447	-1.1984557e-05
1448	-1.1984582e-05
1449	-1.1984607e-05
1450	-1.1984631e-05
1451	-1.1984656e-05
1452	-1.198468e-05
1453	-1.1984705e-05
1454	-1.1984729e-05
1455	-1.1984753e-05
1456	-1.1984777e-05
1457	-1.19848e-05
1458	-1.1984824e-05
1459	-1.1984848e-05
1460	-1.1984871e-05
1461	-1.1984895e-05
1462	-1.1984918e-05
1463	-1.1984941e-05
1464	-1.1984964e-05
1465	-1.1984987e-05
1466	-1.198501e-05
1467	-1.1985033e-05
1468	-1.1985055e-05
1469	-1.1985078e-05
1470	-1.19851e-05
1471	-1.1985123e-05
1472	-1.1985145e-05
1473	-1.1985167e-05
1474	-1.1985189e-05
1475	-1.1985211e-05
1476	-1.1985233e-05
1477	-1.1985254e-05
1478	-1.1985276e-05
1479	-1.1985298e-05
1480	-1.1985319e-05
1481	-1.198534e-05
1482	-1.1985362e-05
1483	-1.1985383e-05
1484	-1.1985404e-05
1485	-1.1985425e-05
1486	-1.1985445e-05
1487	-1.1985466e-05
1488	-1.1985487e-05
1489	-1.1985507e-05
1490	-1.1985528e-05
1491	-1.1985548e-05
1492	-1.1985568e-05
1493	-1.1985588e-05
1494	-1.1985608e-05
1495	-1.1985628e-05
1496	-1.1985648e-05
1497	-1.1985668e-05
1498	-1.1985688e-05
1499	-1.1985707e-05
1500	-1.1985727e-05
1501	-1.1985746e-05
1502	-1.1985766e-05
1503	-1.1985785e-05
1504	-1.1985804e-05
1505	-1.1985823e-05
1506	-1.1985842e-05
1507	-1.1985861e-05
1508	-1.198588e-05
1509	-1.1985898e-05
1510	-1.1985917e-05
1511	-1.1985936e-05
1512	-1.1985954e-05
1513	-1.1985972e-05
1514	-1.1985991e-05
1515	-1.1986009e-05
1516	-1.1986027e-05
1517	-1.1986045e-05
1518	-1.1986063e-05
1519	-1.1986081e-05
1520	-1.1986098e-05
1521	-1.1986116e-05
1522	-1.1986134e-05
1523	-1.1986151e-05
1524	-1.1986169e-05
1525	-1.1986186e-05
1526	-1.1986203e-05
1527	-1.1986221e-05
1528	-1.1986238e-05
1529	-1.1986255e-05
1530	-1.1986272e-05
1531	-1.1986289e-05
1532	-1.1986305e-05
1533	-1.1986322e-05
1534	-1.1986339e-05
1535	-1.1986355e-05
1536	-1.1986372e-05
1537	-1.1986388e-05
1538	-1.1986405e-05
1539	-1.1986421e-05
1540	-1.1986437e-05
1541	-1.1986453e-05
1542	-1.1986469e-05
1543	-1.1986485e-05
1544	-1.1986501e-05
1545	-1.1986517e-05
1546	-1.1986533e-05
1547	-1.1986548e-05
1548	-1.1986564e-05
1549	-1.1986579e-05
1550	-1.1986595e-05
1551	-1.198661e-05
1552	-1.1986626e-05
1553	-1.1986641e-05
1554	-1.1986656e-05
1555	-1.1986671e-05
1556	-1.1986686e-05
1557	-1.1986701e-05
1558	-1.1986716e-05
1559	-1.1986731e-05
1560	-1.1986746e-05
1561	-1.198676e-05
1562	-1.1986775e-05
1563	-1.1986789e-05
1564	-1.1986804e-05
1565	-1.1986818e-05
1566	-1.1986833e-05
1567	-1.1986847e-05
1568	-1.1986861e-05
1569	-1.1986875e-05
1570	-1.1986889e-05
1571	-1.1986903e-05
1572	-1.1986917e-05
1573	-1.1986931e-05
1574	-1.1986945e-05
1575	-1.1986959e-05
1576	-1.1986972e-05
1577	-1.1986986e-05
1578	-1.1987e-05
1579	-1.1987013e-05
1580	-1.1987027e-05
1581	-1.198704e-05
1582	-1.1987053e-05
1583	-1.1987067e-05
1584	-1.198708e-05
1585	-1.1987093e-05
1586	-1.1987106e-05
1587	-1.1987119e-05
1588	-1.1987132e-05
1589	-1.1987145e-05
1590	-1.1987158e-05
1591	-1.198717e-05
1592	-1.1987183e-05
1593	-1.1987196e-05
1594	-1.1987208e-05
1595	-1.1987221e-05
1596	-1.1987233e-05
1597	-1.1987246e-05
1598	-1.1987258e-05
1599	-1.198727e-05
1600	-1.1987283e-05
1601	-1.1987295e-05
1602	-1.1987307e-05
1603	-1.1987319e-05
1604	-1.1987331e-05
1605	-1.1987343e-05
1606	-1.1987355e-05
1607	-1.1987367e-05
1608	-1.1987379e-05
1609	-1.198739e-05
1610	-1.1987402e-05
1611	-1.1987414e-05
1612	-1.1987425e-05
1613	-1.1987437e-05
1614	-1.1987448e-05
1615	-1.198746e-05
1616	-1.1987471e-05
1617	-1.1987482e-05
1618	-1.1987494e-05
1619	-1.1987505e-05
1620	-1.1987516e-05
1621	-1.1987527e-05
1622	-1.1987538e-05
1623	-1.1987549e-05
1624	-1.198756e-05
1625	-1.1987571e-05
1626	-1.1987582e-05
1627	-1.1987593e-05
1628	-1.1987603e-05
1629	-1.1987614e-05
1630	-1.1987625e-05
1631	-1.1987635e-05
1632	-1.1987646e-05
1633	-1.1987656e-05
1634	-1.1987667e-05
1635	-1.1987677e-05
1636	-1.1987688e-05
1637	-1.1987698e-05
1638	-1.1987708e-05
1639	-1.1987718e-05
1640	-1.1987728e-05
1641	-1.1987739e-05
1642	-1.1987749e-05
1643	-1.1987759e-05
1644	-1.1987769e-05
1645	-1.1987779e-05
1646	-1.1987788e-05
1647	-1.1987798e-05
1648	-1.1987808e-05
1649	-1.1987818e-05
1650	-1.1987828e-05
1651	-1.1987837e-05
1652	-1.1987847e-05
1653	-1.1987856e-05
1654	-1.1987866e-05
1655	-1.1987875e-05
1656	-1.1987885e-05
1657	-1.1987894e-05
1658	-1.1987904e-05
1659	-1.1987913e-05
1660	-1.1987922e-05
1661	-1.1987931e-05
1662	-1.1987941e-05
1663	-1.198795e-05
1664	-1.1987959e-05
1665	-1.1987968e-05
1666	-1.1987977e-05
1667	-1.1987986e-05
1668	-1.1987995e-05
1669	-1.1988004e-05
1670	-1.1988012e-05
1671	-1.1988021e-05
1672	-1.198803e-05
1673	-1.1988039e-05
1674	-1.1988047e-05
1675	-1.1988056e-05
1676	-1.1988065e-05
1677	-1.1988073e-05
1678	-1.1988082e-05
1679	-1.198809e-05
1680	-1.1988099e-05
1681	-1.1988107e-05
1682	-1.1988115e-05
1683	-1.1988124e-05
1684	-1.1988132e-05
1685	-1.198814e-05
1686	-1.1988148e-05
1687	-1.1988157e-05
1688	-1.1988165e-05
1689	-1.1988173e-05
1690	-1.1988181e-05
1691	-1.1988189e-05
1692	-1.1988197e-05
1693	-1.1988205e-05
1694	-1.1988213e-05
1695	-1.1988221e-05
1696	-1.1988228e-05
1697	-1.1988236e-05
1698	-1.1988244e-05
1699	-1.1988252e-05
1700	-1.1988259e-05
1701	-1.1988267e-05
1702	-1.1988275e-05
1703	-1.1988282e-05
1704	-1.198829e-05
1705	-1.1988297e-05
1706	-1.1988305e-05
1707	-1.1988312e-05
1708	-1.198832e-05
1709	-1.1988327e-05
1710	-1.1988334e-05
1711	-1.1988342e-05
1712	-1.1988349e-05
1713	-1.1988356e-05
1714	-1.1988363e-05
1715	-1.1988371e-05
1716	-1.1988378e-05
1717	-1.1988385e-05
1718	-1.1988392e-05
1719	-1.1988399e-05
1720	-1.1988406e-05
1721	-1.1988413e-05
1722	-1.198842e-05
1723	-1.1988427e-05
1724	-1.1988434e-05
1725	-1.198844e-05
1726	-1.1988447e-05
1727	-1.1988454e-05
1728	-1.1988461e-05
1729	-1.1988468e-05
1730	-1.1988474e-05
1731	-1.1988481e-05
1732	-1.1988488e-05
1733	-1.1988494e-05
1734	-1.1988501e-05
1735	-1.1988507e-05
1736	-1.1988514e-05
1737	-1.198852e-05
1738	-1.1988527e-05
1739	-1.1988533e-05
1740	-1.1988539e-05
1741	-1.1988546e-05
1742	-1.1988552e-05
1743	-1.1988558e-05
1744	-1.1988565e-05
1745	-1.1988571e-05
1746	-1.1988577e-05
1747	-1.1988583e-05
1748	-1.1988589e-05
1749	-1.1988596e-05
1750	-1.1988602e-05
1751	-1.1988608e-05
1752	-1.1988614e-05
1753	-1.198862e-05
1754	-1.1988626e-05
1755	-1.1988632e-05
1756	-1.1988638e-05
1757	-1.1988644e-05
1758	-1.1988649e-05
1759	-1.1988655e-05
1760	-1.1988661e-05
1761	-1.1988667e-05
1762	-1.1988673e-05
1763	-1.1988678e-05
1764	-1.1988684e-05
1765	-1.198869e-05
1766	-1.1988695e-05
1767	-1.1988701e-05
1768	-1.1988707e-05
1769	-1.1988712e-05
1770	-1.1988718e-05
1771	-1.1988723e-05
1772	-1.1988729e-05
1773	-1.1988734e-05
1774	-1.198874e-05
1775	-1.1988745e-05
1776	-1.1988751e-05
1777	-1.1988756e-05
1778	-1.1988761e-05
1779	-1.1988767e-05
1780	-1.1988772e-05
1781	-1.1988777e-05
1782	-1.1988782e-05
1783	-1.1988788e-05
1784	-1.1988793e-05
1785	-1.1988798e-05
1786	-1.1988803e-05
1787	-1.1988808e-05
1788	-1.1988813e-05
1789	-1.1988819e-05
1790	-1.1988824e-05
1791	-1.1988829e-05
1792	-1.1988834e-05
1793	-1.1988839e-05
1794	-1.1988844e-05
1795	-1.1988849e-05
1796	-1.1988853e-05
1797	-1.1988858e-05
1798	-1.1988863e-05
1799	-1.1988868e-05
1800	-1.1988873e-05
1801	-1.1988878e-05
1802	-1.1988883e-05
1803	-1.1988887e-05
1804	-1.1988892e-05
1805	-1.1988897e-05
1806	-1.1988901e-05
1807	-1.1988906e-05
1808	-1.1988911e-05
1809	-1.1988915e-05
1810	-1.198892e-05
1811	-1.1988925e-05
1812	-1.1988929e-05
1813	-1.1988934e-05
1814	-1.1988938e-05
1815	-1.1988943e-05
1816	-1.1988947e-05
1817	-1.1988952e-05
1818	-1.1988956e-05
1819	-1.1988961e-05
1820	-1.1988965e-05
1821	-1.1988969e-05
1822	-1.1988974e-05
1823	-1.1988978e-05
1824	-1.1988982e-05
1825	-1.1988987e-05
1826	-1.1988991e-05
1827	-1.1988995e-05
1828	-1.1988999e-05
1829	-1.1989004e-05
1830	-1.1989008e-05
1831	-1.1989012e-05
1832	-1.1989016e-05
1833	-1.198902e-05
1834	-1.1989024e-05
1835	-1.1989029e-05
1836	-1.1989033e-05
1837	-1.1989037e-05
1838	-1.1989041e-05
1839	-1.1989045e-05
1840	-1.1989049e-05
1841	-1.1989053e-05
1842	-1.1989057e-05
1843	-1.1989061e-05
1844	-1.1989065e-05
1845	-1.1989069e-05
1846	-1.1989072e-05
1847	-1.1989076e-05
1848	-1.198908e-05
1849	-1.1989084e-05
1850	-1.1989088e-05
1851	-1.1989092e-05
1852	-1.1989096e-05
1853	-1.1989099e-05
1854	-1.1989103e-05
1855	-1.1989107e-05
1856	-1.1989111e-05
1857	-1.1989114e-05
1858	-1.1989118e-05
1859	-1.1989122e-05
1860	-1.1989125e-05
1861	-1.1989129e-05
1862	-1.1989132e-05
1863	-1.1989136e-05
1864	-1.198914e-05
1865	-1.1989143e-05
1866	-1.1989147e-05
1867	-1.198915e-05
1868	-1.1989154e-05
1869	-1.1989157e-05
1870	-1.1989161e-05
1871	-1.1989164e-05
1872	-1.1989168e-05
1873	-1.1989171e-05
1874	-1.1989175e-05
1875	-1.1989178e-05
1876	-1.1989181e-05
1877	-1.1989185e-05
1878	-1.1989188e-05
1879	-1.1989192e-05
1880	-1.1989195e-05
1881	-1.1989198e-05
1882	-1.1989201e-05
1883	-1.1989205e-05
1884	-1.1989208e-05
1885	-1.1989211e-05
1886	-1.1989215e-05
1887	-1.1989218e-05
1888	-1.1989221e-05
1889	-1.1989224e-05
1890	-1.1989227e-05
1891	-1.198923e-05
1892	-1.1989234e-05
1893	-1.1989237e-05
1894	-1.198924e-05
1895	-1.1989243e-05
1896	-1.1989246e-05
1897	-1.1989249e-05
1898	-1.1989252e-05
1899	-1.1989255e-05
1900	-1.1989258e-05
1901	-1.1989261e-05
1902	-1.1989264e-05
1903	-1.1989267e-05
1904	-1.198927e-05
1905	-1.1989273e-05
1906	-1.1989276e-05
1907	-1.1989279e-05
1908	-1.1989282e-05
1909	-1.1989285e-05
1910	-1.1989288e-05
1911	-1.1989291e-05
1912	-1.1989294e-05
1913	-1.1989297e-05
1914	-1.1989299e-05
1915	-1.1989302e-05
1916	-1.1989305e-05
1917	-1.1989308e-05
1918	-1.1989311e-05
1919	-1.1989313e-05
1920	-1.1989316e-05
1921	-1.1989319e-05
1922	-1.1989322e-05
1923	-1.1989324e-05
1924	-1.1989327e-05
1925	-1.198933e-05
1926	-1.1989332e-05
1927	-1.1989335e-05
1928	-1.1989338e-05
1929	-1.198934e-05
1930	-1.1989343e-05
1931	-1.1989346e-05
1932	-1.1989348e-05
1933	-1.1989351e-05
1934	-1.1989354e-05
1935	-1.1989356e-05
1936	-1.1989359e-05
1937	-1.1989361e-05
1938	-1.1989364e-05
1939	-1.1989366e-05
1940	-1.1989369e-05
1941	-1.1989371e-05
1942	-1.1989374e-05
1943	-1.1989376e-05
1944	-1.1989379e-05
1945	-1.1989381e-05
1946	-1.1989384e-05
1947	-1.1989386e-05
1948	-1.1989389e-05
1949	-1.1989391e-05
1950	-1.1989393e-05
1951	-1.1989396e-05
1952	-1.1989398e-05
1953	-1.1989401e-05
1954	-1.1989403e-05
1955	-1.1989405e-05
1956	-1.1989408e-05
1957	-1.198941e-05
1958	-1.1989412e-05
1959	-1.1989415e-05
1960	-1.1989417e-05
1961	-1.1989419e-05
1962	-1.1989421e-05
1963	-1.1989424e-05
1964	-1.1989426e-05
1965	-1.1989428e-05
1966	-1.198943e-05
1967	-1.1989433e-05
1968	-1.1989435e-05
1969	-1.1989437e-05
1970	-1.1989439e-05
1971	-1.1989441e-05
1972	-1.1989444e-05
1973	-1.1989446e-05
1974	-1.1989448e-05
1975	-1.198945e-05
1976	-1.1989452e-05
1977	-1.1989454e-05
1978	-1.1989456e-05
1979	-1.1989459e-05
1980	-1.1989461e-05
1981	-1.1989463e-05
1982	-1.1989465e-05
1983	-1.1989467e-05
1984	-1.1989469e-05
1985	-1.1989471e-05
1986	-1.1989473e-05
1987	-1.1989475e-05
1988	-1.1989477e-05
1989	-1.1989479e-05
1990	-1.1989481e-05
1991	-1.1989483e-05
1992	-1.1989485e-05
1993	-1.1989487e-05
1994	-1.1989489e-05
1995	-1.1989491e-05
1996	-1.1989493e-05
1997	-1.1989495e-05
1998	-1.1989497e-05
1999	-1.1989499e-05
2000	-1.1989501e-05
2001	-1.1989502e-05
2002	-1.1989504e-05
2003	-1.1989506e-05
2004	-1.1989508e-05
2005	-1.198951e-05
2006	-1.1989512e-05
2007	-1.1989514e-05
2008	-1.1989515e-05
2009	-1.1989517e-05
2010	-1.1989519e-05
2011	-1.1989521e-05
2012	-1.1989523e-05
2013	-1.1989525e-05
2014	-1.1989526e-05
2015	-1.1989528e-05
2016	-1.198953e-05
2017	-1.1989532e-05
2018	-1.1989533e-05
2019	-1.1989535e-05
2020	-1.1989537e-05
2021	-1.1989539e-05
2022	-1.198954e-05
2023	-1.1989542e-05
2024	-1.1989544e-05
2025	-1.1989545e-05
2026	-1.1989547e-05
2027	-1.1989549e-05
2028	-1.1989551e-05
2029	-1.1989552e-05
2030	-1.1989554e-05
2031	-1.1989555e-05
2032	-1.1989557e-05
2033	-1.1989559e-05
2034	-1.198956e-05
2035	-1.1989562e-05
2036	-1.1989564e-05
2037	-1.1989565e-05
2038	-1.1989567e-05
2039	-1.1989568e-05
2040	-1.198957e-05
2041	-1.1989572e-05
2042	-1.1989573e-05
2043	-1.1989575e-05
2044	-1.1989576e-05
2045	-1.1989578e-05
2046	-1.1989579e-05
2047	-1.1989581e-05
2048	-1.1989582e-05
2049	-1.1989584e-05
2050	-1.1989585e-05
2051	-1.1989587e-05
2052	-1.1989588e-05
2053	-1.198959e-05
2054	-1.1989591e-05
2055	-1.1989593e-05
2056	-1.1989594e-05
2057	-1.1989596e-05
2058	-1.1989597e-05
2059	-1.1989599e-05
2060	-1.19896e-05
2061	-1.1989602e-05
2062	-1.1989603e-05
2063	-1.1989605e-05
2064	-1.1989606e-05
2065	-1.1989607e-05
2066	-1.1989609e-05
2067	-1.198961e-05
2068	-1.1989612e-05
2069	-1.1989613e-05
2070	-1.1989614e-05
2071	-1.1989616e-05
2072	-1.1989617e-05
2073	-1.1989618e-05
2074	-1.198962e-05
2075	-1.1989621e-05
2076	-1.1989622e-05
2077	-1.1989624e-05
2078	-1.1989625e-05
2079	-1.1989626e-05
2080	-1.1989628e-05
2081	-1.1989629e-05
2082	-1.198963e-05
2083	-1.1989632e-05
2084	-1.1989633e-05
2085	-1.1989634e-05
2086	-1.1989636e-05
2087	-1.1989637e-05
2088	-1.1989638e-05
2089	-1.1989639e-05
2090	-1.1989641e-05
2091	-1.1989642e-05
2092	-1.1989643e-05
2093	-1.1989644e-05
2094	-1.1989646e-05
2095	-1.1989647e-05
2096	-1.1989648e-05
2097	-1.1989649e-05
2098	-1.198965e-05
2099	-1.1989652e-05
2100	-1.1989653e-05
2101	-1.1989654e-05
