1	-1.0958696e-07
2	-2.177121e-07
3	-3.2440163e-07
4	-4.2968116e-07
5	-5.3357573e-07
6	-6.3610983e-07
7	-7.3730739e-07
8	-8.3719182e-07
9	-9.3578601e-07
10	-1.0331124e-06
11	-1.1291927e-06
12	-1.2240486e-06
13	-1.3177009e-06
14	-1.4101701e-06
15	-1.5014763e-06
16	-1.5916392e-06
17	-1.680678e-06
18	-1.7686114e-06
19	-1.8554579e-06
20	-1.9412356e-06
21	-2.0259621e-06
22	-2.1096546e-06
23	-2.1923302e-06
24	-2.2740054e-06
25	-2.3546964e-06
26	-2.4344192e-06
27	-2.5131893e-06
28	-2.5910221e-06
29	-2.6679325e-06
30	-2.743935e-06
31	-2.8190443e-06
32	-2.8932742e-06
33	-2.9666386e-06
34	-3.0391511e-06
35	-3.110825e-06
36	-3.1816731e-06
37	-3.2517083e-06
38	-3.3209431e-06
39	-3.3893898e-06
40	-3.4570603e-06
41	-3.5239666e-06
42	-3.59012e-06
43	-3.6555321e-06
44	-3.720214e-06
45	-3.7841765e-06
46	-3.8474304e-06
47	-3.9099862e-06
48	-3.9718542e-06
49	-4.0330447e-06
50	-4.0935674e-06
51	-4.1534322e-06
52	-4.2126487e-06
53	-4.2712263e-06
54	-4.3291742e-06
55	-4.3865014e-06
56	-4.443217e-06
57	-4.4993296e-06
58	-4.5548477e-06
59	-4.60978e-06
60	-4.6641346e-06
61	-4.7179196e-06
62	-4.7711431e-06
63	-4.8238129e-06
64	-4.8759367e-06
65	-4.9275222e-06
66	-4.9785767e-06
67	-5.0291075e-06
68	-5.079122e-06
69	-5.128627e-06
70	-5.1776297e-06
71	-5.2261367e-06
72	-5.2741548e-06
73	-5.3216907e-06
74	-5.3687508e-06
75	-5.4153414e-06
76	-5.4614688e-06
77	-5.5071393e-06
78	-5.5523588e-06
79	-5.5971333e-06
80	-5.6414687e-06
81	-5.6853708e-06
82	-5.7288451e-06
83	-5.7718974e-06
84	-5.814533e-06
85	-5.8567574e-06
86	-5.8985759e-06
87	-5.9399936e-06
88	-5.9810158e-06
89	-6.0216475e-06
90	-6.0618936e-06
91	-6.1017591e-06
92	-6.1412488e-06
93	-6.1803674e-06
94	-6.2191195e-06
95	-6.2575098e-06
96	-6.2955428e-06
97	-6.333223e-06
98	-6.3705546e-06
99	-6.4075421e-06
100	-6.4441896e-06
101	-6.4805014e-06
102	-6.5164815e-06
103	-6.5521341e-06
104	-6.587463e-06
105	-6.6224722e-06
106	-6.6571657e-06
107	-6.6915472e-06
108	-6.7256204e-06
109	-6.759389e-06
110	-6.7928567e-06
111	-6.8260271e-06
112	-6.8589038e-06
113	-6.89149e-06
114	-6.9237894e-06
115	-6.9558053e-06
116	-6.987541e-06
117	-7.0189997e-06
118	-7.0501848e-06
119	-7.0810994e-06
120	-7.1117466e-06
121	-7.1421296e-06
122	-7.1722513e-06
123	-7.2021147e-06
124	-7.2317229e-06
125	-7.2610787e-06
126	-7.2901851e-06
127	-7.3190448e-06
128	-7.3476606e-06
129	-7.3760354e-06
130	-7.4041717e-06
131	-7.4320723e-06
132	-7.4597399e-06
133	-7.4871769e-06
134	-7.5143861e-06
135	-7.5413698e-06
136	-7.5681307e-06
137	-7.5946711e-06
138	-7.6209935e-06
139	-7.6471003e-06
140	-7.6729938e-06
141	-7.6986764e-06
142	-7.7241504e-06
143	-7.749418e-06
144	-7.7744814e-06
145	-7.7993429e-06
146	-7.8240046e-06
147	-7.8484686e-06
148	-7.8727372e-06
149	-7.8968123e-06
150	-7.920696e-06
151	-7.9443904e-06
152	-7.9678975e-06
153	-7.9912192e-06
154	-8.0143574e-06
155	-8.0373142e-06
156	-8.0600914e-06
157	-8.0826909e-06
158	-8.1051145e-06
159	-8.127364e-06
160	-8.1494413e-06
161	-8.1713482e-06
162	-8.1930863e-06
163	-8.2146574e-06
164	-8.2360633e-06
165	-8.2573056e-06
166	-8.278386e-06
167	-8.2993062e-06
168	-8.3200676e-06
169	-8.3406721e-06
170	-8.3611211e-06
171	-8.3814161e-06
172	-8.4015589e-06
173	-8.4215508e-06
174	-8.4413934e-06
175	-8.4610881e-06
176	-8.4806365e-06
177	-8.50004e-06
178	-8.5192999e-06
179	-8.5384178e-06
180	-8.557395e-06
181	-8.5762329e-06
182	-8.5949329e-06
183	-8.6134963e-06
184	-8.6319244e-06
185	-8.6502185e-06
186	-8.66838e-06
187	-8.6864101e-06
188	-8.70431e-06
189	-8.7220812e-06
190	-8.7397246e-06
191	-8.7572417e-06
192	-8.7746336e-06
193	-8.7919014e-06
194	-8.8090464e-06
195	-8.8260697e-06
196	-8.8429725e-06
197	-8.8597559e-06
198	-8.876421e-06
199	-8.8929689e-06
200	-8.9094008e-06
201	-8.9257177e-06
202	-8.9419206e-06
203	-8.9580107e-06
204	-8.973989e-06
205	-8.9898565e-06
206	-9.0056142e-06
207	-9.0212631e-06
208	-9.0368043e-06
209	-9.0522387e-06
210	-9.0675673e-06
211	-9.082791e-06
212	-9.0979109e-06
213	-9.1129278e-06
214	-9.1278427e-06
215	-9.1426565e-06
216	-9.15737e-06
217	-9.1719843e-06
218	-9.1865002e-06
219	-9.2009186e-06
220	-9.2152403e-06
221	-9.2294662e-06
222	-9.2435972e-06
223	-9.257634e-06
224	-9.2715776e-06
225	-9.2854287e-06
226	-9.2991881e-06
227	-9.3128567e-06
228	-9.3264353e-06
229	-9.3399246e-06
230	-9.3533254e-06
231	-9.3666385e-06
232	-9.3798646e-06
233	-9.3930045e-06
234	-9.406059e-06
235	-9.4190287e-06
236	-9.4319144e-06
237	-9.4447169e-06
238	-9.4574367e-06
239	-9.4700747e-06
240	-9.4826315e-06
241	-9.4951078e-06
242	-9.5075044e-06
243	-9.5198218e-06
244	-9.5320607e-06
245	-9.5442218e-06
246	-9.5563058e-06
247	-9.5683133e-06
248	-9.5802449e-06
249	-9.5921013e-06
250	-9.6038831e-06
251	-9.6155908e-06
252	-9.6272253e-06
253	-9.6387869e-06
254	-9.6502764e-06
255	-9.6616943e-06
256	-9.6730412e-06
257	-9.6843177e-06
258	-9.6955243e-06
259	-9.7066617e-06
260	-9.7177304e-06
261	-9.728731e-06
262	-9.7396639e-06
263	-9.7505298e-06
264	-9.7613293e-06
265	-9.7720627e-06
266	-9.7827307e-06
267	-9.7933338e-06
268	-9.8038725e-06
269	-9.8143473e-06
270	-9.8247588e-06
271	-9.8351073e-06
272	-9.8453935e-06
273	-9.8556178e-06
274	-9.8657807e-06
275	-9.8758828e-06
276	-9.8859243e-06
277	-9.895906e-06
278	-9.9058281e-06
279	-9.9156912e-06
280	-9.9254958e-06
281	-9.9352422e-06
282	-9.944931e-06
283	-9.9545626e-06
284	-9.9641374e-06
285	-9.9736559e-06
286	-9.9831185e-06
287	-9.9925256e-06
288	-1.0001878e-05
289	-1.0011175e-05
290	-1.0020418e-05
291	-1.0029608e-05
292	-1.0038744e-05
293	-1.0047827e-05
294	-1.0056858e-05
295	-1.0065836e-05
296	-1.0074762e-05
297	-1.0083638e-05
298	-1.0092462e-05
299	-1.0101235e-05
300	-1.0109959e-05
301	-1.0118632e-05
302	-1.0127256e-05
303	-1.013583e-05
304	-1.0144356e-05
305	-1.0152834e-05
306	-1.0161263e-05
307	-1.0169645e-05
308	-1.017798e-05
309	-1.0186267e-05
310	-1.0194508e-05
311	-1.0202702e-05
312	-1.0210851e-05
313	-1.0218954e-05
314	-1.0227011e-05
315	-1.0235024e-05
316	-1.0242991e-05
317	-1.0250915e-05
318	-1.0258794e-05
319	-1.026663e-05
320	-1.0274423e-05
321	-1.0282172e-05
322	-1.0289879e-05
323	-1.0297543e-05
324	-1.0305165e-05
325	-1.0312745e-05
326	-1.0320283e-05
327	-1.032778e-05
328	-1.0335237e-05
329	-1.0342652e-05
330	-1.0350027e-05
331	-1.0357362e-05
332	-1.0364658e-05
333	-1.0371913e-05
334	-1.037913e-05
335	-1.0386307e-05
336	-1.0393446e-05
337	-1.0400546e-05
338	-1.0407608e-05
339	-1.0414632e-05
340	-1.0421618e-05
341	-1.0428567e-05
342	-1.0435479e-05
343	-1.0442354e-05
344	-1.0449192e-05
345	-1.0455994e-05
346	-1.0462759e-05
347	-1.0469489e-05
348	-1.0476183e-05
349	-1.0482842e-05
350	-1.0489465e-05
351	-1.0496054e-05
352	-1.0502607e-05
353	-1.0509127e-05
354	-1.0515612e-05
355	-1.0522063e-05
356	-1.052848e-05
357	-1.0534864e-05
358	-1.0541215e-05
359	-1.0547532e-05
360	-1.0553816e-05
361	-1.0560068e-05
362	-1.0566287e-05
363	-1.0572474e-05
364	-1.0578629e-05
365	-1.0584753e-05
366	-1.0590844e-05
367	-1.0596904e-05
368	-1.0602933e-05
369	-1.0608931e-05
370	-1.0614899e-05
371	-1.0620835e-05
372	-1.0626742e-05
373	-1.0632618e-05
374	-1.0638464e-05
375	-1.064428e-05
376	-1.0650067e-05
377	-1.0655824e-05
378	-1.0661552e-05
379	-1.0667251e-05
380	-1.0672921e-05
381	-1.0678562e-05
382	-1.0684175e-05
383	-1.068976e-05
384	-1.0695316e-05
385	-1.0700845e-05
386	-1.0706346e-05
387	-1.0711819e-05
388	-1.0717265e-05
389	-1.0722683e-05
390	-1.0728075e-05
391	-1.0733439e-05
392	-1.0738777e-05
393	-1.0744088e-05
394	-1.0749373e-05
395	-1.0754632e-05
396	-1.0759864e-05
397	-1.0765071e-05
398	-1.0770252e-05
399	-1.0775407e-05
400	-1.0780537e-05
401	-1.0785642e-05
402	-1.0790721e-05
403	-1.0795776e-05
404	-1.0800805e-05
405	-1.080581e-05
406	-1.0810791e-05
407	-1.0815747e-05
408	-1.0820679e-05
409	-1.0825587e-05
410	-1.0830471e-05
411	-1.0835331e-05
412	-1.0840168e-05
413	-1.0844981e-05
414	-1.0849771e-05
415	-1.0854537e-05
416	-1.0859281e-05
417	-1.0864001e-05
418	-1.0868699e-05
419	-1.0873374e-05
420	-1.0878027e-05
421	-1.0882657e-05
422	-1.0887265e-05
423	-1.0891851e-05
424	-1.0896415e-05
425	-1.0900957e-05
426	-1.0905478e-05
427	-1.0909977e-05
428	-1.0914454e-05
429	-1.091891e-05
430	-1.0923345e-05
431	-1.0927758e-05
432	-1.0932151e-05
433	-1.0936523e-05
434	-1.0940874e-05
435	-1.0945205e-05
436	-1.0949515e-05
437	-1.0953805e-05
438	-1.0958074e-05
439	-1.0962324e-05
440	-1.0966553e-05
441	-1.0970763e-05
442	-1.0974953e-05
443	-1.0979123e-05
444	-1.0983273e-05
445	-1.0987404e-05
446	-1.0991516e-05
447	-1.0995609e-05
448	-1.0999682e-05
449	-1.1003737e-05
450	-1.1007772e-05
451	-1.1011789e-05
452	-1.1015787e-05
453	-1.1019767e-05
454	-1.1023728e-05
455	-1.1027671e-05
456	-1.1031596e-05
457	-1.1035502e-05
458	-1.103939e-05
459	-1.1043261e-05
460	-1.1047114e-05
461	-1.1050948e-05
462	-1.1054766e-05
463	-1.1058565e-05
464	-1.1062348e-05
465	-1.1066112e-05
466	-1.106986e-05
467	-1.1073591e-05
468	-1.1077304e-05
469	-1.1081e-05
470	-1.108468e-05
471	-1.1088343e-05
472	-1.1091989e-05
473	-1.1095619e-05
474	-1.1099232e-05
475	-1.1102828e-05
476	-1.1106409e-05
477	-1.1109973e-05
478	-1.1113521e-05
479	-1.1117053e-05
480	-1.1120568e-05
481	-1.1124069e-05
482	-1.1127553e-05
483	-1.1131021e-05
484	-1.1134474e-05
485	-1.1137912e-05
486	-1.1141334e-05
487	-1.114474e-05
488	-1.1148131e-05
489	-1.1151508e-05
490	-1.1154869e-05
491	-1.1158214e-05
492	-1.1161545e-05
493	-1.1164862e-05
494	-1.1168163e-05
495	-1.1171449e-05
496	-1.1174721e-05
497	-1.1177979e-05
498	-1.1181222e-05
499	-1.118445e-05
500	-1.1187664e-05
501	-1.1190864e-05
502	-1.119405e-05
503	-1.1197221e-05
504	-1.1200379e-05
505	-1.1203522e-05
506	-1.1206652e-05
507	-1.1209768e-05
508	-1.121287e-05
509	-1.1215959e-05
510	-1.1219034e-05
511	-1.1222095e-05
512	-1.1225143e-05
513	-1.1228177e-05
514	-1.1231199e-05
515	-1.1234207e-05
516	-1.1237202e-05
517	-1.1240183e-05
518	-1.1243152e-05
519	-1.1246108e-05
520	-1.124905e-05
521	-1.125198e-05
522	-1.1254897e-05
523	-1.1257802e-05
524	-1.1260694e-05
525	-1.1263573e-05
526	-1.126644e-05
527	-1.1269294e-05
528	-1.1272136e-05
529	-1.1274966e-05
530	-1.1277783e-05
531	-1.1280588e-05
532	-1.1283381e-05
533	-1.1286162e-05
534	-1.1288931e-05
535	-1.1291688e-05
536	-1.1294433e-05
537	-1.1297166e-05
538	-1.1299888e-05
539	-1.1302598e-05
540	-1.1305296e-05
541	-1.1307982e-05
542	-1.1310657e-05
543	-1.1313321e-05
544	-1.1315973e-05
545	-1.1318614e-05
546	-1.1321243e-05
547	-1.1323861e-05
548	-1.1326468e-05
549	-1.1329064e-05
550	-1.1331649e-05
551	-1.1334223e-05
552	-1.1336786e-05
553	-1.1339338e-05
554	-1.1341879e-05
555	-1.1344409e-05
556	-1.1346928e-05
557	-1.1349437e-05
558	-1.1351935e-05
559	-1.1354423e-05
560	-1.13569e-05
561	-1.1359366e-05
562	-1.1361822e-05
563	-1.1364268e-05
564	-1.1366703e-05
565	-1.1369128e-05
566	-1.1371543e-05
567	-1.1373948e-05
568	-1.1376342e-05
569	-1.1378727e-05
570	-1.1381101e-05
571	-1.1383465e-05
572	-1.138582e-05
573	-1.1388164e-05
574	-1.1390499e-05
575	-1.1392824e-05
576	-1.1395139e-05
577	-1.1397444e-05
578	-1.139974e-05
579	-1.1402026e-05
580	-1.1404303e-05
581	-1.140657e-05
582	-1.1408828e-05
583	-1.1411076e-05
584	-1.1413315e-05
585	-1.1415544e-05
586	-1.1417764e-05
587	-1.1419975e-05
588	-1.1422177e-05
589	-1.1424369e-05
590	-1.1426553e-05
591	-1.1428727e-05
592	-1.1430893e-05
593	-1.1433049e-05
594	-1.1435196e-05
595	-1.1437335e-05
596	-1.1439465e-05
597	-1.1441585e-05
598	-1.1443698e-05
599	-1.1445801e-05
600	-1.1447895e-05
601	-1.1449981e-05
602	-1.1452059e-05
603	-1.1454128e-05
604	-1.1456188e-05
605	-1.145824e-05
606	-1.1460283e-05
607	-1.1462318e-05
608	-1.1464345e-05
609	-1.1466363e-05
610	-1.1468373e-05
611	-1.1470374e-05
612	-1.1472368e-05
613	-1.1474353e-05
614	-1.147633e-05
615	-1.1478299e-05
616	-1.148026e-05
617	-1.1482213e-05
618	-1.1484158e-05
619	-1.1486095e-05
620	-1.1488024e-05
621	-1.1489945e-05
622	-1.1491859e-05
623	-1.1493764e-05
624	-1.1495662e-05
625	-1.1497552e-05
626	-1.1499434e-05
627	-1.1501309e-05
628	-1.1503176e-05
629	-1.1505035e-05
630	-1.1506887e-05
631	-1.1508732e-05
632	-1.1510568e-05
633	-1.1512398e-05
634	-1.151422e-05
635	-1.1516034e-05
636	-1.1517842e-05
637	-1.1519642e-05
638	-1.1521434e-05
639	-1.152322e-05
640	-1.1524998e-05
641	-1.1526769e-05
642	-1.1528532e-05
643	-1.1530289e-05
644	-1.1532039e-05
645	-1.1533781e-05
646	-1.1535517e-05
647	-1.1537245e-05
648	-1.1538967e-05
649	-1.1540681e-05
650	-1.1542389e-05
651	-1.154409e-05
652	-1.1545784e-05
653	-1.1547471e-05
654	-1.1549151e-05
655	-1.1550825e-05
656	-1.1552492e-05
657	-1.1554152e-05
658	-1.1555805e-05
659	-1.1557452e-05
660	-1.1559093e-05
661	-1.1560726e-05
662	-1.1562354e-05
663	-1.1563974e-05
664	-1.1565589e-05
665	-1.1567196e-05
666	-1.1568798e-05
667	-1.1570393e-05
668	-1.1571981e-05
669	-1.1573563e-05
670	-1.1575139e-05
671	-1.1576709e-05
672	-1.1578272e-05
673	-1.1579829e-05
674	-1.158138e-05
675	-1.1582925e-05
676	-1.1584464e-05
677	-1.1585996e-05
678	-1.1587522e-05
679	-1.1589043e-05
680	-1.1590557e-05
681	-1.1592065e-05
682	-1.1593567e-05
683	-1.1595064e-05
684	-1.1596554e-05
685	-1.1598039e-05
686	-1.1599517e-05
687	-1.160099e-05
688	-1.1602457e-05
689	-1.1603918e-05
690	-1.1605373e-05
691	-1.1606823e-05
692	-1.1608267e-05
693	-1.1609705e-05
694	-1.1611137e-05
695	-1.1612564e-05
696	-1.1613985e-05
697	-1.16154e-05
698	-1.161681e-05
699	-1.1618215e-05
700	-1.1619614e-05
701	-1.1621007e-05
702	-1.1622395e-05
703	-1.1623777e-05
704	-1.1625154e-05
705	-1.1626525e-05
706	-1.1627892e-05
707	-1.1629252e-05
708	-1.1630608e-05
709	-1.1631958e-05
710	-1.1633303e-05
711	-1.1634642e-05
712	-1.1635976e-05
713	-1.1637305e-05
714	-1.1638629e-05
715	-1.1639948e-05
716	-1.1641261e-05
717	-1.1642569e-05
718	-1.1643872e-05
719	-1.164517e-05
720	-1.1646463e-05
721	-1.1647751e-05
722	-1.1649034e-05
723	-1.1650312e-05
724	-1.1651585e-05
725	-1.1652853e-05
726	-1.1654116e-05
727	-1.1655374e-05
728	-1.1656627e-05
729	-1.1657875e-05
730	-1.1659118e-05
731	-1.1660357e-05
732	-1.166159e-05
733	-1.1662819e-05
734	-1.1664043e-05
735	-1.1665263e-05
736	-1.1666477e-05
737	-1.1667687e-05
738	-1.1668892e-05
739	-1.1670093e-05
740	-1.1671288e-05
741	-1.1672479e-05
742	-1.1673666e-05
743	-1.1674848e-05
744	-1.1676025e-05
745	-1.1677198e-05
746	-1.1678366e-05
747	-1.167953e-05
748	-1.1680689e-05
749	-1.1681843e-05
750	-1.1682993e-05
751	-1.1684139e-05
752	-1.168528e-05
753	-1.1686417e-05
754	-1.168755e-05
755	-1.1688678e-05
756	-1.1689801e-05
757	-1.1690921e-05
758	-1.1692036e-05
759	-1.1693146e-05
760	-1.1694253e-05
761	-1.1695355e-05
762	-1.1696453e-05
763	-1.1697546e-05
764	-1.1698636e-05
765	-1.1699721e-05
766	-1.1700802e-05
767	-1.1701879e-05
768	-1.1702952e-05
769	-1.170402e-05
770	-1.1705085e-05
771	-1.1706145e-05
772	-1.1707201e-05
773	-1.1708253e-05
774	-1.1709302e-05
775	-1.1710346e-05
776	-1.1711386e-05
777	-1.1712422e-05
778	-1.1713454e-05
779	-1.1714482e-05
780	-1.1715506e-05
781	-1.1716527e-05
782	-1.1717543e-05
783	-1.1718555e-05
784	-1.1719564e-05
785	-1.1720569e-05
786	-1.172157e-05
787	-1.1722567e-05
788	-1.172356e-05
789	-1.1724549e-05
790	-1.1725535e-05
791	-1.1726516e-05
792	-1.1727494e-05
793	-1.1728469e-05
794	-1.1729439e-05
795	-1.1730406e-05
796	-1.1731369e-05
797	-1.1732329e-05
798	-1.1733284e-05
799	-1.1734237e-05
800	-1.1735185e-05
801	-1.173613e-05
802	-1.1737071e-05
803	-1.1738009e-05
804	-1.1738943e-05
805	-1.1739873e-05
806	-1.17408e-05
807	-1.1741724e-05
808	-1.1742644e-05
809	-1.174356e-05
810	-1.1744473e-05
811	-1.1745382e-05
812	-1.1746288e-05
813	-1.1747191e-05
814	-1.174809e-05
815	-1.1748985e-05
816	-1.1749878e-05
817	-1.1750766e-05
818	-1.1751652e-05
819	-1.1752534e-05
820	-1.1753413e-05
821	-1.1754288e-05
822	-1.175516e-05
823	-1.1756029e-05
824	-1.1756894e-05
825	-1.1757756e-05
826	-1.1758615e-05
827	-1.1759471e-05
828	-1.1760323e-05
829	-1.1761172e-05
830	-1.1762018e-05
831	-1.1762861e-05
832	-1.17637e-05
833	-1.1764536e-05
834	-1.1765369e-05
835	-1.1766199e-05
836	-1.1767026e-05
837	-1.176785e-05
838	-1.176867e-05
839	-1.1769488e-05
840	-1.1770302e-05
841	-1.1771113e-05
842	-1.1771921e-05
843	-1.1772727e-05
844	-1.1773529e-05
845	-1.1774328e-05
846	-1.1775124e-05
847	-1.1775917e-05
848	-1.1776707e-05
849	-1.1777494e-05
850	-1.1778278e-05
851	-1.1779059e-05
852	-1.1779837e-05
853	-1.1780612e-05
854	-1.1781384e-05
855	-1.1782154e-05
856	-1.178292e-05
857	-1.1783683e-05
858	-1.1784444e-05
859	-1.1785202e-05
860	-1.1785957e-05
861	-1.1786709e-05
862	-1.1787458e-05
863	-1.1788204e-05
864	-1.1788948e-05
865	-1.1789689e-05
866	-1.1790427e-05
867	-1.1791162e-05
868	-1.1791894e-05
869	-1.1792624e-05
870	-1.1793351e-05
871	-1.1794075e-05
872	-1.1794797e-05
873	-1.1795515e-05
874	-1.1796231e-05
875	-1.1796945e-05
876	-1.1797655e-05
877	-1.1798363e-05
878	-1.1799069e-05
879	-1.1799771e-05
880	-1.1800471e-05
881	-1.1801169e-05
882	-1.1801863e-05
883	-1.1802556e-05
884	-1.1803245e-05
885	-1.1803932e-05
886	-1.1804616e-05
887	-1.1805298e-05
888	-1.1805977e-05
889	-1.1806654e-05
890	-1.1807328e-05
891	-1.1808e-05
892	-1.1808669e-05
893	-1.1809336e-05
894	-1.181e-05
895	-1.1810661e-05
896	-1.181132e-05
897	-1.1811977e-05
898	-1.1812631e-05
899	-1.1813283e-05
900	-1.1813932e-05
901	-1.1814579e-05
902	-1.1815223e-05
903	-1.1815866e-05
904	-1.1816505e-05
905	-1.1817142e-05
906	-1.1817777e-05
907	-1.181841e-05
908	-1.181904e-05
909	-1.1819667e-05
910	-1.1820293e-05
911	-1.1820916e-05
912	-1.1821536e-05
913	-1.1822155e-05
914	-1.1822771e-05
915	-1.1823385e-05
916	-1.1823996e-05
917	-1.1824605e-05
918	-1.1825212e-05
919	-1.1825817e-05
920	-1.1826419e-05
921	-1.1827019e-05
922	-1.1827617e-05
923	-1.1828213e-05
924	-1.1828806e-05
925	-1.1829398e-05
926	-1.1829987e-05
927	-1.1830573e-05
928	-1.1831158e-05
929	-1.183174e-05
930	-1.1832321e-05
931	-1.1832899e-05
932	-1.1833475e-05
933	-1.1834048e-05
934	-1.183462e-05
935	-1.183519e-05
936	-1.1835757e-05
937	-1.1836322e-05
938	-1.1836885e-05
939	-1.1837446e-05
940	-1.1838005e-05
941	-1.1838562e-05
942	-1.1839117e-05
943	-1.183967e-05
944	-1.1840221e-05
945	-1.1840769e-05
946	-1.1841316e-05
947	-1.184186e-05
948	-1.1842403e-05
949	-1.1842943e-05
950	-1.1843482e-05
951	-1.1844018e-05
952	-1.1844553e-05
953	-1.1845085e-05
954	-1.1845616e-05
955	-1.1846144e-05
956	-1.1846671e-05
957	-1.1847196e-05
958	-1.1847718e-05
959	-1.1848239e-05
960	-1.1848758e-05
961	-1.1849275e-05
962	-1.184979e-05
963	-1.1850303e-05
964	-1.1850814e-05
965	-1.1851323e-05
966	-1.185183e-05
967	-1.1852336e-05
968	-1.1852839e-05
969	-1.1853341e-05
970	-1.1853841e-05
971	-1.1854339e-05
972	-1.1854835e-05
973	-1.1855329e-05
974	-1.1855822e-05
975	-1.1856313e-05
976	-1.1856801e-05
977	-1.1857288e-05
978	-1.1857774e-05
979	-1.1858257e-05
980	-1.1858739e-05
981	-1.1859218e-05
982	-1.1859696e-05
983	-1.1860173e-05
984	-1.1860647e-05
985	-1.186112e-05
986	-1.1861591e-05
987	-1.186206e-05
988	-1.1862528e-05
989	-1.1862993e-05
990	-1.1863457e-05
991	-1.186392e-05
992	-1.186438e-05
993	-1.1864839e-05
994	-1.1865296e-05
995	-1.1865752e-05
996	-1.1866206e-05
997	-1.1866658e-05
998	-1.1867108e-05
999	-1.1867557e-05
1000	-1.1868004e-05
1001	-1.186845e-05
1002	-1.1868894e-05
1003	-1.1869336e-05
1004	-1.1869776e-05
1005	-1.1870215e-05
1006	-1.1870653e-05
1007	-1.1871088e-05
1008	-1.1871522e-05
1009	-1.1871955e-05
1010	-1.1872386e-05
1011	-1.1872815e-05
1012	-1.1873243e-05
1013	-1.1873669e-05
1014	-1.1874093e-05
1015	-1.1874516e-05
1016	-1.1874938e-05
1017	-1.1875358e-05
1018	-1.1875776e-05
1019	-1.1876193e-05
1020	-1.1876608e-05
1021	-1.1877022e-05
1022	-1.1877434e-05
1023	-1.1877844e-05
1024	-1.1878253e-05
1025	-1.1878661e-05
1026	-1.1879067e-05
1027	-1.1879472e-05
1028	-1.1879875e-05
1029	-1.1880276e-05
1030	-1.1880677e-05
1031	-1.1881075e-05
1032	-1.1881472e-05
1033	-1.1881868e-05
1034	-1.1882262e-05
1035	-1.1882655e-05
1036	-1.1883047e-05
1037	-1.1883437e-05
1038	-1.1883825e-05
1039	-1.1884212e-05
1040	-1.1884598e-05
1041	-1.1884982e-05
1042	-1.1885365e-05
1043	-1.1885746e-05
1044	-1.1886126e-05
1045	-1.1886504e-05
1046	-1.1886882e-05
1047	-1.1887257e-05
1048	-1.1887632e-05
1049	-1.1888005e-05
1050	-1.1888376e-05
1051	-1.1888747e-05
1052	-1.1889116e-05
1053	-1.1889483e-05
1054	-1.1889849e-05
1055	-1.1890214e-05
1056	-1.1890578e-05
1057	-1.189094e-05
1058	-1.1891301e-05
1059	-1.189166e-05
1060	-1.1892018e-05
1061	-1.1892375e-05
1062	-1.1892731e-05
1063	-1.1893085e-05
1064	-1.1893438e-05
1065	-1.189379e-05
1066	-1.189414e-05
1067	-1.1894489e-05
1068	-1.1894837e-05
1069	-1.1895183e-05
1070	-1.1895528e-05
1071	-1.1895872e-05
1072	-1.1896215e-05
1073	-1.1896556e-05
1074	-1.1896897e-05
1075	-1.1897235e-05
1076	-1.1897573e-05
1077	-1.189791e-05
1078	-1.1898245e-05
1079	-1.1898579e-05
1080	-1.1898911e-05
1081	-1.1899243e-05
1082	-1.1899573e-05
1083	-1.1899902e-05
1084	-1.190023e-05
1085	-1.1900557e-05
1086	-1.1900882e-05
1087	-1.1901206e-05
1088	-1.1901529e-05
1089	-1.1901851e-05
1090	-1.1902172e-05
1091	-1.1902492e-05
1092	-1.190281e-05
1093	-1.1903127e-05
1094	-1.1903443e-05
1095	-1.1903758e-05
1096	-1.1904072e-05
1097	-1.1904384e-05
1098	-1.1904696e-05
1099	-1.1905006e-05
1100	-1.1905315e-05
1101	-1.1905623e-05
1102	-1.190593e-05
1103	-1.1906235e-05
1104	-1.190654e-05
1105	-1.1906844e-05
1106	-1.1907146e-05
1107	-1.1907447e-05
1108	-1.1907747e-05
1109	-1.1908046e-05
1110	-1.1908344e-05
1111	-1.1908641e-05
1112	-1.1908937e-05
1113	-1.1909232e-05
1114	-1.1909525e-05
1115	-1.1909818e-05
1116	-1.1910109e-05
1117	-1.19104e-05
1118	-1.1910689e-05
1119	-1.1910977e-05
1120	-1.1911264e-05
1121	-1.191155e-05
1122	-1.1911836e-05
1123	-1.191212e-05
1124	-1.1912403e-05
1125	-1.1912685e-05
1126	-1.1912966e-05
1127	-1.1913245e-05
1128	-1.1913524e-05
1129	-1.1913802e-05
1130	-1.1914079e-05
1131	-1.1914355e-05
1132	-1.191463e-05
1133	-1.1914904e-05
1134	-1.1915176e-05
1135	-1.1915448e-05
1136	-1.1915719e-05
1137	-1.1915989e-05
1138	-1.1916258e-05
1139	-1.1916525e-05
1140	-1.1916792e-05
1141	-1.1917058e-05
1142	-1.1917323e-05
1143	-1.1917587e-05
1144	-1.191785e-05
1145	-1.1918112e-05
1146	-1.1918373e-05
1147	-1.1918633e-05
1148	-1.1918892e-05
1149	-1.1919151e-05
1150	-1.1919408e-05
1151	-1.1919664e-05
1152	-1.191992e-05
1153	-1.1920174e-05
1154	-1.1920428e-05
1155	-1.192068e-05
1156	-1.1920932e-05
1157	-1.1921183e-05
1158	-1.1921432e-05
1159	-1.1921681e-05
1160	-1.1921929e-05
1161	-1.1922176e-05
1162	-1.1922423e-05
1163	-1.1922668e-05
1164	-1.1922912e-05
1165	-1.1923156e-05
1166	-1.1923398e-05
1167	-1.192364e-05
1168	-1.1923881e-05
1169	-1.1924121e-05
1170	-1.192436e-05
1171	-1.1924598e-05
1172	-1.1924835e-05
1173	-1.1925072e-05
1174	-1.1925307e-05
1175	-1.1925542e-05
1176	-1.1925776e-05
1177	-1.1926009e-05
1178	-1.1926241e-05
1179	-1.1926473e-05
1180	-1.1926703e-05
1181	-1.1926933e-05
1182	-1.1927161e-05
1183	-1.1927389e-05
1184	-1.1927617e-05
1185	-1.1927843e-05
1186	-1.1928068e-05
1187	-1.1928293e-05
1188	-1.1928517e-05
1189	-1.192874e-05
1190	-1.1928962e-05
1191	-1.1929183e-05
1192	-1.1929404e-05
1193	-1.1929624e-05
1194	-1.1929843e-05
1195	-1.1930061e-05
1196	-1.1930278e-05
1197	-1.1930495e-05
1198	-1.1930711e-05
1199	-1.1930926e-05
1200	-1.193114e-05
1201	-1.1931353e-05
1202	-1.1931566e-05
1203	-1.1931778e-05
1204	-1.1931989e-05
1205	-1.1932199e-05
1206	-1.1932409e-05
1207	-1.1932617e-05
1208	-1.1932825e-05
1209	-1.1933033e-05
1210	-1.1933239e-05
1211	-1.1933445e-05
1212	-1.193365e-05
1213	-1.1933854e-05
1214	-1.1934058e-05
1215	-1.1934261e-05
1216	-1.1934463e-05
1217	-1.1934664e-05
1218	-1.1934864e-05
1219	-1.1935064e-05
1220	-1.1935263e-05
1221	-1.1935462e-05
1222	-1.1935659e-05
1223	-1.1935856e-05
1224	-1.1936053e-05
1225	-1.1936248e-05
1226	-1.1936443e-05
1227	-1.1936637e-05
1228	-1.193683e-05
1229	-1.1937023e-05
1230	-1.1937215e-05
1231	-1.1937406e-05
1232	-1.1937597e-05
1233	-1.1937787e-05
1234	-1.1937976e-05
1235	-1.1938164e-05
1236	-1.1938352e-05
1237	-1.1938539e-05
1238	-1.1938726e-05
1239	-1.1938911e-05
1240	-1.1939096e-05
1241	-1.1939281e-05
1242	-1.1939464e-05
1243	-1.1939648e-05
1244	-1.193983e-05
1245	-1.1940012e-05
1246	-1.1940193e-05
1247	-1.1940373e-05
1248	-1.1940553e-05
1249	-1.1940732e-05
1250	-1.194091e-05
1251	-1.1941088e-05
1252	-1.1941265e-05
1253	-1.1941442e-05
1254	-1.1941618e-05
1255	-1.1941793e-05
1256	-1.1941967e-05
1257	-1.1942141e-05
1258	-1.1942315e-05
1259	-1.1942487e-05
1260	-1.1942659e-05
1261	-1.1942831e-05
1262	-1.1943001e-05
1263	-1.1943172e-05
1264	-1.1943341e-05
1265	-1.194351e-05
1266	-1.1943678e-05
1267	-1.1943846e-05
1268	-1.1944013e-05
1269	-1.194418e-05
1270	-1.1944345e-05
1271	-1.1944511e-05
1272	-1.1944675e-05
1273	-1.1944839e-05
1274	-1.1945003e-05
1275	-1.1945166e-05
1276	-1.1945328e-05
1277	-1.194549e-05
1278	-1.1945651e-05
1279	-1.1945811e-05
1280	-1.1945971e-05
1281	-1.1946131e-05
1282	-1.1946289e-05
1283	-1.1946448e-05
1284	-1.1946605e-05
1285	-1.1946762e-05
1286	-1.1946919e-05
1287	-1.1947075e-05
1288	-1.194723e-05
1289	-1.1947385e-05
1290	-1.1947539e-05
1291	-1.1947693e-05
1292	-1.1947846e-05
1293	-1.1947998e-05
1294	-1.194815e-05
1295	-1.1948301e-05
1296	-1.1948452e-05
1297	-1.1948603e-05
1298	-1.1948752e-05
1299	-1.1948902e-05
1300	-1.194905e-05
1301	-1.1949198e-05
1302	-1.1949346e-05
1303	-1.1949493e-05
1304	-1.194964e-05
1305	-1.1949786e-05
1306	-1.1949931e-05
1307	-1.1950076e-05
1308	-1.195022e-05
1309	-1.1950364e-05
1310	-1.1950508e-05
1311	-1.195065e-05
1312	-1.1950793e-05
1313	-1.1950935e-05
1314	-1.1951076e-05
1315	-1.1951217e-05
1316	-1.1951357e-05
1317	-1.1951497e-05
1318	-1.1951636e-05
1319	-1.1951775e-05
1320	-1.1951913e-05
1321	-1.1952051e-05
1322	-1.1952188e-05
1323	-1.1952324e-05
1324	-1.1952461e-05
1325	-1.1952596e-05
1326	-1.1952732e-05
1327	-1.1952866e-05
1328	-1.1953001e-05
1329	-1.1953134e-05
1330	-1.1953268e-05
1331	-1.19534e-05
1332	-1.1953533e-05
1333	-1.1953665e-05
1334	-1.1953796e-05
1335	-1.1953927e-05
1336	-1.1954057e-05
1337	-1.1954187e-05
1338	-1.1954317e-05
1339	-1.1954446e-05
1340	-1.1954574e-05
1341	-1.1954702e-05
1342	-1.195483e-05
1343	-1.1954957e-05
1344	-1.1955083e-05
1345	-1.195521e-05
1346	-1.1955335e-05
1347	-1.1955461e-05
1348	-1.1955586e-05
1349	-1.195571e-05
1350	-1.1955834e-05
1351	-1.1955957e-05
1352	-1.195608e-05
1353	-1.1956203e-05
1354	-1.1956325e-05
1355	-1.1956447e-05
1356	-1.1956568e-05
1357	-1.1956689e-05
1358	-1.1956809e-05
1359	-1.1956929e-05
1360	-1.1957048e-05
1361	-1.1957167e-05
1362	-1.1957286e-05
1363	-1.1957404e-05
1364	-1.1957522e-05
1365	-1.1957639e-05
1366	-1.1957756e-05
1367	-1.1957873e-05
1368	-1.1957989e-05
1369	-1.1958104e-05
1370	-1.195822e-05
1371	-1.1958334e-05
1372	-1.1958449e-05
1373	-1.1958563e-05
1374	-1.1958676e-05
1375	-1.1958789e-05
1376	-1.1958902e-05
1377	-1.1959015e-05
1378	-1.1959126e-05
1379	-1.1959238e-05
1380	-1.1959349e-05
1381	-1.195946e-05
1382	-1.195957e-05
1383	-1.195968e-05
1384	-1.1959789e-05
1385	-1.1959898e-05
1386	-1.1960007e-05
1387	-1.1960115e-05
1388	-1.1960223e-05
1389	-1.1960331e-05
1390	-1.1960438e-05
1391	-1.1960545e-05
1392	-1.1960651e-05
1393	-1.1960757e-05
1394	-1.1960863e-05
1395	-1.1960968e-05
1396	-1.1961073e-05
1397	-1.1961177e-05
1398	-1.1961281e-05
1399	-1.1961385e-05
1400	-1.1961488e-05
1401	-1.1961591e-05
1402	-1.1961694e-05
1403	-1.1961796e-05
1404	-1.1961898e-05
1405	-1.1961999e-05
1406	-1.19621e-05
1407	-1.1962201e-05
1408	-1.1962301e-05
1409	-1.1962401e-05
1410	-1.1962501e-05
1411	-1.19626e-05
1412	-1.1962699e-05
1413	-1.1962797e-05
1414	-1.1962896e-05
1415	-1.1962993e-05
1416	-1.1963091e-05
1417	-1.1963188e-05
1418	-1.1963285e-05
1419	-1.1963381e-05
1420	-1.1963477e-05
1421	-1.1963573e-05
1422	-1.1963668e-05
1423	-1.1963763e-05
1424	-1.1963858e-05
1425	-1.1963952e-05
1426	-1.1964046e-05
1427	-1.196414e-05
1428	-1.1964233e-05
1429	-1.1964326e-05
1430	-1.1964419e-05
1431	-1.1964511e-05
1432	-1.1964603e-05
1433	-1.1964694e-05
1434	-1.1964786e-05
1435	-1.1964877e-05
1436	-1.1964967e-05
1437	-1.1965058e-05
1438	-1.1965148e-05
1439	-1.1965237e-05
1440	-1.1965327e-05
1441	-1.1965416e-05
1442	-1.1965504e-05
1443	-1.1965593e-05
1444	-1.1965681e-05
1445	-1.1965768e-05
1446	-1.1965856e-05
1447	-1.1965943e-05
1448	-1.196603e-05
1449	-1.1966116e-05
1450	-1.1966202e-05
1451	-1.1966288e-05
1452	-1.1966373e-05
1453	-1.1966459e-05
1454	-1.1966543e-05
1455	-1.1966628e-05
1456	-1.1966712e-05
1457	-1.1966796e-05
1458	-1.196688e-05
1459	-1.1966963e-05
1460	-1.1967046e-05
1461	-1.1967129e-05
1462	-1.1967212e-05
1463	-1.1967294e-05
1464	-1.1967376e-05
1465	-1.1967457e-05
1466	-1.1967538e-05
1467	-1.1967619e-05
1468	-1.19677e-05
1469	-1.196778e-05
1470	-1.196786e-05
1471	-1.196794e-05
1472	-1.196802e-05
1473	-1.1968099e-05
1474	-1.1968178e-05
1475	-1.1968257e-05
1476	-1.1968335e-05
1477	-1.1968413e-05
1478	-1.1968491e-05
1479	-1.1968568e-05
1480	-1.1968646e-05
1481	-1.1968723e-05
1482	-1.1968799e-05
1483	-1.1968876e-05
1484	-1.1968952e-05
1485	-1.1969028e-05
1486	-1.1969103e-05
1487	-1.1969178e-05
1488	-1.1969253e-05
1489	-1.1969328e-05
1490	-1.1969403e-05
1491	-1.1969477e-05
1492	-1.1969551e-05
1493	-1.1969624e-05
1494	-1.1969698e-05
1495	-1.1969771e-05
1496	-1.1969844e-05
1497	-1.1969916e-05
1498	-1.1969989e-05
1499	-1.1970061e-05
1500	-1.1970133e-05
1501	-1.1970204e-05
1502	-1.1970276e-05
1503	-1.1970347e-05
1504	-1.1970417e-05
1505	-1.1970488e-05
1506	-1.1970558e-05
1507	-1.1970628e-05
1508	-1.1970698e-05
1509	-1.1970767e-05
1510	-1.1970837e-05
1511	-1.1970906e-05
1512	-1.1970975e-05
1513	-1.1971043e-05
1514	-1.1971111e-05
1515	-1.1971179e-05
1516	-1.1971247e-05
1517	-1.1971315e-05
1518	-1.1971382e-05
1519	-1.1971449e-05
1520	-1.1971516e-05
1521	-1.1971582e-05
1522	-1.1971649e-05
1523	-1.1971715e-05
1524	-1.197178e-05
1525	-1.1971846e-05
1526	-1.1971911e-05
1527	-1.1971976e-05
1528	-1.1972041e-05
1529	-1.1972106e-05
1530	-1.197217e-05
1531	-1.1972235e-05
1532	-1.1972298e-05
1533	-1.1972362e-05
1534	-1.1972426e-05
1535	-1.1972489e-05
1536	-1.1972552e-05
1537	-1.1972615e-05
1538	-1.1972677e-05
1539	-1.197274e-05
1540	-1.1972802e-05
1541	-1.1972864e-05
1542	-1.1972925e-05
1543	-1.1972987e-05
1544	-1.1973048e-05
1545	-1.1973109e-05
1546	-1.197317e-05
1547	-1.197323e-05
1548	-1.1973291e-05
1549	-1.1973351e-05
1550	-1.1973411e-05
1551	-1.197347e-05
1552	-1.197353e-05
1553	-1.1973589e-05
1554	-1.1973648e-05
1555	-1.1973707e-05
1556	-1.1973765e-05
1557	-1.1973824e-05
1558	-1.1973882e-05
1559	-1.197394e-05
1560	-1.1973998e-05
1561	-1.1974055e-05
1562	-1.1974113e-05
1563	-1.197417e-05
1564	-1.1974227e-05
1565	-1.1974283e-05
1566	-1.197434e-05
1567	-1.1974396e-05
1568	-1.1974452e-05
1569	-1.1974508e-05
1570	-1.1974564e-05
1571	-1.1974619e-05
1572	-1.1974675e-05
1573	-1.197473e-05
1574	-1.1974785e-05
1575	-1.1974839e-05
1576	-1.1974894e-05
1577	-1.1974948e-05
1578	-1.1975002e-05
1579	-1.1975056e-05
1580	-1.197511e-05
1581	-1.1975164e-05
1582	-1.1975217e-05
1583	-1.197527e-05
1584	-1.1975323e-05
1585	-1.1975376e-05
1586	-1.1975428e-05
1587	-1.1975481e-05
1588	-1.1975533e-05
1589	-1.1975585e-05
1590	-1.1975637e-05
1591	-1.1975688e-05
1592	-1.197574e-05
1593	-1.1975791e-05
1594	-1.1975842e-05
1595	-1.1975893e-05
1596	-1.1975943e-05
1597	-1.1975994e-05
1598	-1.1976044e-05
1599	-1.1976094e-05
1600	-1.1976144e-05
1601	-1.1976194e-05
1602	-1.1976244e-05
1603	-1.1976293e-05
1604	-1.1976342e-05
1605	-1.1976391e-05
1606	-1.197644e-05
1607	-1.1976489e-05
1608	-1.1976538e-05
1609	-1.1976586e-05
1610	-1.1976634e-05
1611	-1.1976682e-05
1612	-1.197673e-05
1613	-1.1976778e-05
1614	-1.1976825e-05
1615	-1.1976872e-05
1616	-1.197692e-05
1617	-1.1976967e-05
1618	-1.1977013e-05
1619	-1.197706e-05
1620	-1.1977106e-05
1621	-1.1977153e-05
1622	-1.1977199e-05
1623	-1.1977245e-05
1624	-1.1977291e-05
1625	-1.1977336e-05
1626	-1.1977382e-05
1627	-1.1977427e-05
1628	-1.1977472e-05
1629	-1.1977517e-05
1630	-1.1977562e-05
1631	-1.1977606e-05
1632	-1.1977651e-05
1633	-1.1977695e-05
1634	-1.1977739e-05
1635	-1.1977783e-05
1636	-1.1977827e-05
1637	-1.1977871e-05
1638	-1.1977914e-05
1639	-1.1977958e-05
1640	-1.1978001e-05
1641	-1.1978044e-05
1642	-1.1978087e-05
1643	-1.197813e-05
1644	-1.1978172e-05
1645	-1.1978215e-05
1646	-1.1978257e-05
1647	-1.1978299e-05
1648	-1.1978341e-05
1649	-1.1978383e-05
1650	-1.1978425e-05
1651	-1.1978466e-05
1652	-1.1978508e-05
1653	-1.1978549e-05
1654	-1.197859e-05
1655	-1.1978631e-05
1656	-1.1978672e-05
1657	-1.1978712e-05
1658	-1.1978753e-05
1659	-1.1978793e-05
1660	-1.1978833e-05
1661	-1.1978873e-05
1662	-1.1978913e-05
1663	-1.1978953e-05
1664	-1.1978992e-05
1665	-1.1979032e-05
1666	-1.1979071e-05
1667	-1.197911e-05
1668	-1.1979149e-05
1669	-1.1979188e-05
1670	-1.1979227e-05
1671	-1.1979266e-05
1672	-1.1979304e-05
1673	-1.1979343e-05
1674	-1.1979381e-05
1675	-1.1979419e-05
1676	-1.1979457e-05
1677	-1.1979494e-05
1678	-1.1979532e-05
1679	-1.197957e-05
1680	-1.1979607e-05
1681	-1.1979644e-05
1682	-1.1979681e-05
1683	-1.1979718e-05
1684	-1.1979755e-05
1685	-1.1979792e-05
1686	-1.1979828e-05
1687	-1.1979865e-05
1688	-1.1979901e-05
1689	-1.1979937e-05
1690	-1.1979973e-05
1691	-1.1980009e-05
1692	-1.1980045e-05
1693	-1.1980081e-05
1694	-1.1980116e-05
1695	-1.1980152e-05
1696	-1.1980187e-05
1697	-1.1980222e-05
1698	-1.1980257e-05
1699	-1.1980292e-05
1700	-1.1980327e-05
1701	-1.1980361e-05
1702	-1.1980396e-05
1703	-1.198043e-05
1704	-1.1980465e-05
1705	-1.1980499e-05
1706	-1.1980533e-05
1707	-1.1980567e-05
1708	-1.19806e-05
1709	-1.1980634e-05
1710	-1.1980667e-05
1711	-1.1980701e-05
1712	-1.1980734e-05
1713	-1.1980767e-05
1714	-1.19808e-05
1715	-1.1980833e-05
1716	-1.1980866e-05
1717	-1.1980899e-05
1718	-1.1980931e-05
1719	-1.1980964e-05
1720	-1.1980996e-05
1721	-1.1981028e-05
1722	-1.198106e-05
1723	-1.1981092e-05
1724	-1.1981124e-05
1725	-1.1981156e-05
1726	-1.1981188e-05
1727	-1.1981219e-05
1728	-1.1981251e-05
1729	-1.1981282e-05
1730	-1.1981313e-05
1731	-1.1981344e-05
1732	-1.1981375e-05
1733	-1.1981406e-05
1734	-1.1981437e-05
1735	-1.1981467e-05
1736	-1.1981498e-05
1737	-1.1981528e-05
1738	-1.1981558e-05
1739	-1.1981589e-05
1740	-1.1981619e-05
1741	-1.1981649e-05
1742	-1.1981679e-05
1743	-1.1981708e-05
1744	-1.1981738e-05
1745	-1.1981767e-05
1746	-1.1981797e-05
1747	-1.1981826e-05
1748	-1.1981855e-05
1749	-1.1981884e-05
1750	-1.1981913e-05
1751	-1.1981942e-05
1752	-1.1981971e-05
1753	-1.1982e-05
1754	-1.1982028e-05
1755	-1.1982057e-05
1756	-1.1982085e-05
1757	-1.1982114e-05
1758	-1.1982142e-05
1759	-1.198217e-05
1760	-1.1982198e-05
1761	-1.1982226e-05
1762	-1.1982253e-05
1763	-1.1982281e-05
1764	-1.1982309e-05
1765	-1.1982336e-05
1766	-1.1982363e-05
1767	-1.1982391e-05
1768	-1.1982418e-05
1769	-1.1982445e-05
1770	-1.1982472e-05
1771	-1.1982499e-05
1772	-1.1982526e-05
1773	-1.1982552e-05
1774	-1.1982579e-05
1775	-1.1982605e-05
1776	-1.1982632e-05
1777	-1.1982658e-05
1778	-1.1982684e-05
1779	-1.198271e-05
1780	-1.1982736e-05
1781	-1.1982762e-05
1782	-1.1982788e-05
1783	-1.1982814e-05
1784	-1.1982839e-05
1785	-1.1982865e-05
1786	-1.198289e-05
1787	-1.1982916e-05
1788	-1.1982941e-05
1789	-1.1982966e-05
1790	-1.1982991e-05
1791	-1.1983016e-05
1792	-1.1983041e-05
1793	-1.1983066e-05
1794	-1.1983091e-05
1795	-1.1983115e-05
1796	-1.198314e-05
1797	-1.1983164e-05
1798	-1.1983189e-05
1799	-1.1983213e-05
1800	-1.1983237e-05
1801	-1.1983261e-05
1802	-1.1983285e-05
1803	-1.1983309e-05
1804	-1.1983333e-05
1805	-1.1983357e-05
1806	-1.1983381e-05
1807	-1.1983404e-05
1808	-1.1983428e-05
1809	-1.1983451e-05
1810	-1.1983474e-05
1811	-1.1983498e-05
1812	-1.1983521e-05
1813	-1.1983544e-05
1814	-1.1983567e-05
1815	-1.198359e-05
1816	-1.1983613e-05
1817	-1.1983635e-05
1818	-1.1983658e-05
1819	-1.1983681e-05
1820	-1.1983703e-05
1821	-1.1983726e-05
1822	-1.1983748e-05
1823	-1.198377e-05
1824	-1.1983792e-05
1825	-1.1983814e-05
1826	-1.1983836e-05
1827	-1.1983858e-05
1828	-1.198388e-05
1829	-1.1983902e-05
1830	-1.1983924e-05
1831	-1.1983945e-05
1832	-1.1983967e-05
1833	-1.1983988e-05
1834	-1.198401e-05
1835	-1.1984031e-05
1836	-1.1984052e-05
1837	-1.1984073e-05
1838	-1.1984094e-05
1839	-1.1984115e-05
1840	-1.1984136e-05
1841	-1.1984157e-05
1842	-1.1984178e-05
1843	-1.1984199e-05
1844	-1.1984219e-05
1845	-1.198424e-05
1846	-1.198426e-05
1847	-1.1984281e-05
1848	-1.1984301e-05
1849	-1.1984321e-05
1850	-1.1984342e-05
1851	-1.1984362e-05
1852	-1.1984382e-05
1853	-1.1984402e-05
1854	-1.1984422e-05
1855	-1.1984441e-05
1856	-1.1984461e-05
1857	-1.1984481e-05
1858	-1.19845e-05
1859	-1.198452e-05
1860	-1.1984539e-05
1861	-1.1984559e-05
1862	-1.1984578e-05
1863	-1.1984597e-05
1864	-1.1984617e-05
1865	-1.1984636e-05
1866	-1.1984655e-05
1867	-1.1984674e-05
1868	-1.1984693e-05
1869	-1.1984712e-05
1870	-1.198473e-05
1871	-1.1984749e-05
1872	-1.1984768e-05
1873	-1.1984786e-05
1874	-1.1984805e-05
1875	-1.1984823e-05
1876	-1.1984842e-05
1877	-1.198486e-05
1878	-1.1984878e-05
1879	-1.1984896e-05
1880	-1.1984914e-05
1881	-1.1984932e-05
1882	-1.198495e-05
1883	-1.1984968e-05
1884	-1.1984986e-05
1885	-1.1985004e-05
1886	-1.1985022e-05
1887	-1.1985039e-05
1888	-1.1985057e-05
1889	-1.1985074e-05
1890	-1.1985092e-05
1891	-1.1985109e-05
1892	-1.1985127e-05
1893	-1.1985144e-05
1894	-1.1985161e-05
1895	-1.1985178e-05
1896	-1.1985195e-05
1897	-1.1985212e-05
1898	-1.1985229e-05
1899	-1.1985246e-05
1900	-1.1985263e-05
1901	-1.198528e-05
1902	-1.1985297e-05
1903	-1.1985313e-05
1904	-1.198533e-05
1905	-1.1985346e-05
1906	-1.1985363e-05
1907	-1.1985379e-05
1908	-1.1985396e-05
1909	-1.1985412e-05
1910	-1.1985428e-05
1911	-1.1985444e-05
1912	-1.198546e-05
1913	-1.1985477e-05
1914	-1.1985493e-05
1915	-1.1985508e-05
1916	-1.1985524e-05
1917	-1.198554e-05
1918	-1.1985556e-05
1919	-1.1985572e-05
1920	-1.1985587e-05
1921	-1.1985603e-05
1922	-1.1985619e-05
1923	-1.1985634e-05
1924	-1.1985649e-05
1925	-1.1985665e-05
1926	-1.198568e-05
1927	-1.1985695e-05
1928	-1.1985711e-05
1929	-1.1985726e-05
1930	-1.1985741e-05
1931	-1.1985756e-05
1932	-1.1985771e-05
1933	-1.1985786e-05
1934	-1.1985801e-05
1935	-1.1985816e-05
1936	-1.198583e-05
1937	-1.1985845e-05
1938	-1.198586e-05
1939	-1.1985874e-05
1940	-1.1985889e-05
1941	-1.1985904e-05
1942	-1.1985918e-05
1943	-1.1985932e-05
1944	-1.1985947e-05
1945	-1.1985961e-05
1946	-1.1985975e-05
1947	-1.198599e-05
1948	-1.1986004e-05
1949	-1.1986018e-05
1950	-1.1986032e-05
1951	-1.1986046e-05
1952	-1.198606e-05
1953	-1.1986074e-05
1954	-1.1986088e-05
1955	-1.1986101e-05
1956	-1.1986115e-05
1957	-1.1986129e-05
1958	-1.1986142e-05
1959	-1.1986156e-05
1960	-1.198617e-05
1961	-1.1986183e-05
1962	-1.1986197e-05
1963	-1.198621e-05
1964	-1.1986223e-05
1965	-1.1986237e-05
1966	-1.198625e-05
1967	-1.1986263e-05
1968	-1.1986276e-05
1969	-1.1986289e-05
1970	-1.1986302e-05
1971	-1.1986316e-05
1972	-1.1986328e-05
1973	-1.1986341e-05
1974	-1.1986354e-05
1975	-1.1986367e-05
1976	-1.198638e-05
1977	-1.1986393e-05
1978	-1.1986405e-05
1979	-1.1986418e-05
1980	-1.1986431e-05
1981	-1.1986443e-05
1982	-1.1986456e-05
1983	-1.1986468e-05
1984	-1.1986481e-05
1985	-1.1986493e-05
1986	-1.1986505e-05
1987	-1.1986518e-05
1988	-1.198653e-05
1989	-1.1986542e-05
1990	-1.1986554e-05
1991	-1.1986566e-05
1992	-1.1986578e-05
1993	-1.198659e-05
1994	-1.1986602e-05
1995	-1.1986614e-05
1996	-1.1986626e-05
1997	-1.1986638e-05
1998	-1.198665e-05
1999	-1.1986662e-05
2000	-1.1986673e-05
2001	-1.1986685e-05
2002	-1.1986697e-05
2003	-1.1986708e-05
2004	-1.198672e-05
2005	-1.1986731e-05
2006	-1.1986743e-05
2007	-1.1986754e-05
2008	-1.1986766e-05
2009	-1.1986777e-05
2010	-1.1986788e-05
2011	-1.19868e-05
2012	-1.1986811e-05
2013	-1.1986822e-05
2014	-1.1986833e-05
2015	-1.1986844e-05
2016	-1.1986855e-05
2017	-1.1986866e-05
2018	-1.1986877e-05
2019	-1.1986888e-05
2020	-1.1986899e-05
2021	-1.198691e-05
2022	-1.1986921e-05
2023	-1.1986932e-05
2024	-1.1986942e-05
2025	-1.1986953e-05
2026	-1.1986964e-05
2027	-1.1986974e-05
2028	-1.1986985e-05
2029	-1.1986996e-05
2030	-1.1987006e-05
2031	-1.1987017e-05
2032	-1.1987027e-05
2033	-1.1987037e-05
2034	-1.1987048e-05
2035	-1.1987058e-05
2036	-1.1987068e-05
2037	-1.1987079e-05
2038	-1.1987089e-05
2039	-1.1987099e-05
2040	-1.1987109e-05
2041	-1.1987119e-05
2042	-1.1987129e-05
2043	-1.1987139e-05
2044	-1.1987149e-05
2045	-1.1987159e-05
2046	-1.1987169e-05
2047	-1.1987179e-05
2048	-1.1987189e-05
2049	-1.1987199e-05
2050	-1.1987209e-05
2051	-1.1987218e-05
2052	-1.1987228e-05
2053	-1.1987238e-05
2054	-1.1987247e-05
2055	-1.1987257e-05
2056	-1.1987267e-05
2057	-1.1987276e-05
2058	-1.1987286e-05
2059	-1.1987295e-05
2060	-1.1987305e-05
2061	-1.1987314e-05
2062	-1.1987323e-05
2063	-1.1987333e-05
2064	-1.1987342e-05
2065	-1.1987351e-05
2066	-1.1987361e-05
2067	-1.198737e-05
2068	-1.1987379e-05
2069	-1.1987388e-05
2070	-1.1987397e-05
2071	-1.1987406e-05
2072	-1.1987415e-05
2073	-1.1987424e-05
2074	-1.1987433e-05
2075	-1.1987442e-05
2076	-1.1987451e-05
2077	-1.198746e-05
2078	-1.1987469e-05
2079	-1.1987478e-05
2080	-1.1987486e-05
2081	-1.1987495e-05
2082	-1.1987504e-05
2083	-1.1987512e-05
2084	-1.1987521e-05
2085	-1.198753e-05
2086	-1.1987538e-05
2087	-1.1987547e-05
2088	-1.1987555e-05
2089	-1.1987564e-05
2090	-1.1987572e-05
2091	-1.1987581e-05
2092	-1.1987589e-05
2093	-1.1987598e-05
2094	-1.1987606e-05
2095	-1.1987614e-05
2096	-1.1987623e-05
2097	-1.1987631e-05
2098	-1.1987639e-05
2099	-1.1987647e-05
2100	-1.1987655e-05
2101	-1.1987664e-05
2102	-1.1987672e-05
2103	-1.198768e-05
2104	-1.1987688e-05
2105	-1.1987696e-05
2106	-1.1987704e-05
2107	-1.1987712e-05
2108	-1.198772e-05
2109	-1.1987728e-05
2110	-1.1987735e-05
2111	-1.1987743e-05
2112	-1.1987751e-05
2113	-1.1987759e-05
2114	-1.1987767e-05
2115	-1.1987774e-05
2116	-1.1987782e-05
2117	-1.198779e-05
2118	-1.1987797e-05
2119	-1.1987805e-05
2120	-1.1987813e-05
2121	-1.198782e-05
2122	-1.1987828e-05
2123	-1.1987835e-05
2124	-1.1987843e-05
2125	-1.198785e-05
2126	-1.1987858e-05
2127	-1.1987865e-05
2128	-1.1987872e-05
2129	-1.198788e-05
2130	-1.1987887e-05
2131	-1.1987894e-05
2132	-1.1987902e-05
2133	-1.1987909e-05
2134	-1.1987916e-05
2135	-1.1987923e-05
2136	-1.1987931e-05
2137	-1.1987938e-05
2138	-1.1987945e-05
2139	-1.1987952e-05
2140	-1.1987959e-05
2141	-1.1987966e-05
2142	-1.1987973e-05
2143	-1.198798e-05
2144	-1.1987987e-05
2145	-1.1987994e-05
2146	-1.1988001e-05
2147	-1.1988008e-05
2148	-1.1988015e-05
2149	-1.1988021e-05
2150	-1.1988028e-05
2151	-1.1988035e-05
2152	-1.1988042e-05
2153	-1.1988048e-05
2154	-1.1988055e-05
2155	-1.1988062e-05
2156	-1.1988069e-05
2157	-1.1988075e-05
2158	-1.1988082e-05
2159	-1.1988088e-05
2160	-1.1988095e-05
2161	-1.1988102e-05
2162	-1.1988108e-05
2163	-1.1988115e-05
2164	-1.1988121e-05
2165	-1.1988127e-05
2166	-1.1988134e-05
2167	-1.198814e-05
2168	-1.1988147e-05
2169	-1.1988153e-05
2170	-1.1988159e-05
2171	-1.1988166e-05
2172	-1.1988172e-05
2173	-1.1988178e-05
2174	-1.1988185e-05
2175	-1.1988191e-05
2176	-1.1988197e-05
2177	-1.1988203e-05
2178	-1.1988209e-05
2179	-1.1988215e-05
2180	-1.1988222e-05
2181	-1.1988228e-05
2182	-1.1988234e-05
2183	-1.198824e-05
2184	-1.1988246e-05
2185	-1.1988252e-05
2186	-1.1988258e-05
2187	-1.1988264e-05
2188	-1.198827e-05
2189	-1.1988276e-05
2190	-1.1988281e-05
2191	-1.1988287e-05
2192	-1.1988293e-05
2193	-1.1988299e-05
2194	-1.1988305e-05
2195	-1.1988311e-05
2196	-1.1988316e-05
2197	-1.1988322e-05
2198	-1.1988328e-05
2199	-1.1988334e-05
2200	-1.1988339e-05
2201	-1.1988345e-05
2202	-1.1988351e-05
2203	-1.1988356e-05
2204	-1.1988362e-05
2205	-1.1988367e-05
2206	-1.1988373e-05
2207	-1.1988379e-05
2208	-1.1988384e-05
2209	-1.198839e-05
2210	-1.1988395e-05
2211	-1.19884e-05
2212	-1.1988406e-05
2213	-1.1988411e-05
2214	-1.1988417e-05
2215	-1.1988422e-05
2216	-1.1988428e-05
2217	-1.1988433e-05
2218	-1.1988438e-05
2219	-1.1988444e-05
2220	-1.1988449e-05
2221	-1.1988454e-05
2222	-1.1988459e-05
2223	-1.1988465e-05
2224	-1.198847e-05
2225	-1.1988475e-05
2226	-1.198848e-05
2227	-1.1988485e-05
2228	-1.198849e-05
2229	-1.1988496e-05
2230	-1.1988501e-05
2231	-1.1988506e-05
2232	-1.1988511e-05
2233	-1.1988516e-05
2234	-1.1988521e-05
2235	-1.1988526e-05
2236	-1.1988531e-05
2237	-1.1988536e-05
2238	-1.1988541e-05
2239	-1.1988546e-05
2240	-1.1988551e-05
2241	-1.1988556e-05
2242	-1.198856e-05
2243	-1.1988565e-05
2244	-1.198857e-05
2245	-1.1988575e-05
2246	-1.198858e-05
2247	-1.1988585e-05
2248	-1.1988589e-05
2249	-1.1988594e-05
2250	-1.1988599e-05
2251	-1.1988604e-05
2252	-1.1988608e-05
2253	-1.1988613e-05
2254	-1.1988618e-05
2255	-1.1988622e-05
2256	-1.1988627e-05
2257	-1.1988632e-05
2258	-1.1988636e-05
2259	-1.1988641e-05
2260	-1.1988645e-05
2261	-1.198865e-05
2262	-1.1988655e-05
2263	-1.1988659e-05
2264	-1.1988664e-05
2265	-1.1988668e-05
2266	-1.1988673e-05
2267	-1.1988677e-05
2268	-1.1988681e-05
2269	-1.1988686e-05
2270	-1.198869e-05
2271	-1.1988695e-05
2272	-1.1988699e-05
2273	-1.1988703e-05
2274	-1.1988708e-05
2275	-1.1988712e-05
2276	-1.1988716e-05
2277	-1.1988721e-05
2278	-1.1988725e-05
2279	-1.1988729e-05
2280	-1.1988734e-05
2281	-1.1988738e-05
2282	-1.1988742e-05
2283	-1.1988746e-05
2284	-1.198875e-05
2285	-1.1988755e-05
2286	-1.1988759e-05
2287	-1.1988763e-05
2288	-1.1988767e-05
2289	-1.1988771e-05
2290	-1.1988775e-05
2291	-1.1988779e-05
2292	-1.1988784e-05
2293	-1.1988788e-05
2294	-1.1988792e-05
2295	-1.1988796e-05
2296	-1.19888e-05
2297	-1.1988804e-05
2298	-1.1988808e-05
2299	-1.1988812e-05
2300	-1.1988816e-05
2301	-1.198882e-05
2302	-1.1988823e-05
2303	-1.1988827e-05
2304	-1.1988831e-05
2305	-1.1988835e-05
2306	-1.1988839e-05
2307	-1.1988843e-05
2308	-1.1988847e-05
2309	-1.1988851e-05
2310	-1.1988854e-05
2311	-1.1988858e-05
2312	-1.1988862e-05
2313	-1.1988866e-05
2314	-1.198887e-05
2315	-1.1988873e-05
2316	-1.1988877e-05
2317	-1.1988881e-05
2318	-1.1988885e-05
2319	-1.1988888e-05
2320	-1.1988892e-05
2321	-1.1988896e-05
2322	-1.1988899e-05
2323	-1.1988903e-05
2324	-1.1988907e-05
2325	-1.198891e-05
2326	-1.1988914e-05
2327	-1.1988917e-05
2328	-1.1988921e-05
2329	-1.1988924e-05
2330	-1.1988928e-05
2331	-1.1988932e-05
2332	-1.1988935e-05
2333	-1.1988939e-05
2334	-1.1988942e-05
2335	-1.1988946e-05
2336	-1.1988949e-05
2337	-1.1988953e-05
2338	-1.1988956e-05
2339	-1.1988959e-05
2340	-1.1988963e-05
2341	-1.1988966e-05
2342	-1.198897e-05
2343	-1.1988973e-05
2344	-1.1988976e-05
2345	-1.198898e-05
2346	-1.1988983e-05
2347	-1.1988987e-05
2348	-1.198899e-05
2349	-1.1988993e-05
2350	-1.1988996e-05
2351	-1.1989e-05
2352	-1.1989003e-05
2353	-1.1989006e-05
2354	-1.198901e-05
2355	-1.1989013e-05
2356	-1.1989016e-05
2357	-1.1989019e-05
2358	-1.1989023e-05
2359	-1.1989026e-05
2360	-1.1989029e-05
2361	-1.1989032e-05
2362	-1.1989035e-05
2363	-1.1989038e-05
2364	-1.1989042e-05
2365	-1.1989045e-05
2366	-1.1989048e-05
2367	-1.1989051e-05
2368	-1.1989054e-05
2369	-1.1989057e-05
2370	-1.198906e-05
2371	-1.1989063e-05
2372	-1.1989066e-05
2373	-1.1989069e-05
2374	-1.1989072e-05
2375	-1.1989075e-05
2376	-1.1989078e-05
2377	-1.1989081e-05
2378	-1.1989084e-05
2379	-1.1989087e-05
2380	-1.198909e-05
2381	-1.1989093e-05
2382	-1.1989096e-05
2383	-1.1989099e-05
2384	-1.1989102e-05
2385	-1.1989105e-05
2386	-1.1989108e-05
2387	-1.1989111e-05
2388	-1.1989114e-05
2389	-1.1989117e-05
2390	-1.1989119e-05
2391	-1.1989122e-05
2392	-1.1989125e-05
2393	-1.1989128e-05
2394	-1.1989131e-05
2395	-1.1989134e-05
2396	-1.1989136e-05
2397	-1.1989139e-05
2398	-1.1989142e-05
2399	-1.1989145e-05
2400	-1.1989147e-05
2401	-1.198915e-05
2402	-1.1989153e-05
2403	-1.1989156e-05
2404	-1.1989158e-05
2405	-1.1989161e-05
2406	-1.1989164e-05
2407	-1.1989166e-05
2408	-1.1989169e-05
2409	-1.1989172e-05
2410	-1.1989175e-05
2411	-1.1989177e-05
2412	-1.198918e-05
2413	-1.1989182e-05
2414	-1.1989185e-05
2415	-1.1989188e-05
2416	-1.198919e-05
2417	-1.1989193e-05
2418	-1.1989195e-05
2419	-1.1989198e-05
2420	-1.1989201e-05
2421	-1.1989203e-05
2422	-1.1989206e-05
2423	-1.1989208e-05
2424	-1.1989211e-05
2425	-1.1989213e-05
2426	-1.1989216e-05
2427	-1.1989218e-05
2428	-1.1989221e-05
2429	-1.1989223e-05
2430	-1.1989226e-05
2431	-1.1989228e-05
2432	-1.1989231e-05
2433	-1.1989233e-05
2434	-1.1989236e-05
2435	-1.1989238e-05
2436	-1.198924e-05
2437	-1.1989243e-05
2438	-1.1989245e-05
2439	-1.1989248e-05
2440	-1.198925e-05
2441	-1.1989252e-05
2442	-1.1989255e-05
2443	-1.1989257e-05
2444	-1.198926e-05
2445	-1.1989262e-05
2446	-1.1989264e-05
2447	-1.1989267e-05
2448	-1.1989269e-05
2449	-1.1989271e-05
2450	-1.1989273e-05
2451	-1.1989276e-05
2452	-1.1989278e-05
2453	-1.198928e-05
2454	-1.1989283e-05
2455	-1.1989285e-05
2456	-1.1989287e-05
2457	-1.1989289e-05
2458	-1.1989292e-05
2459	-1.1989294e-05
2460	-1.1989296e-05
2461	-1.1989298e-05
2462	-1.19893e-05
2463	-1.1989303e-05
2464	-1.1989305e-05
2465	-1.1989307e-05
2466	-1.1989309e-05
2467	-1.1989311e-05
2468	-1.1989314e-05
2469	-1.1989316e-05
2470	-1.1989318e-05
2471	-1.198932e-05
2472	-1.1989322e-05
2473	-1.1989324e-05
2474	-1.1989326e-05
2475	-1.1989328e-05
2476	-1.1989331e-05
2477	-1.1989333e-05
2478	-1.1989335e-05
2479	-1.1989337e-05
2480	-1.1989339e-05
2481	-1.1989341e-05
2482	-1.1989343e-05
2483	-1.1989345e-05
2484	-1.1989347e-05
2485	-1.1989349e-05
2486	-1.1989351e-05
2487	-1.1989353e-05
2488	-1.1989355e-05
2489	-1.1989357e-05
2490	-1.1989359e-05
2491	-1.1989361e-05
2492	-1.1989363e-05
2493	-1.1989365e-05
2494	-1.1989367e-05
2495	-1.1989369e-05
2496	-1.1989371e-05
2497	-1.1989373e-05
2498	-1.1989375e-05
2499	-1.1989377e-05
2500	-1.1989379e-05
2501	-1.1989381e-05
2502	-1.1989383e-05
2503	-1.1989384e-05
2504	-1.1989386e-05
2505	-1.1989388e-05
2506	-1.198939e-05
2507	-1.1989392e-05
2508	-1.1989394e-05
2509	-1.1989396e-05
2510	-1.1989398e-05
2511	-1.1989399e-05
2512	-1.1989401e-05
2513	-1.1989403e-05
2514	-1.1989405e-05
2515	-1.1989407e-05
2516	-1.1989409e-05
2517	-1.198941e-05
2518	-1.1989412e-05
2519	-1.1989414e-05
2520	-1.1989416e-05
2521	-1.1989418e-05
2522	-1.1989419e-05
2523	-1.1989421e-05
2524	-1.1989423e-05
2525	-1.1989425e-05
2526	-1.1989426e-05
2527	-1.1989428e-05
2528	-1.198943e-05
2529	-1.1989432e-05
2530	-1.1989433e-05
2531	-1.1989435e-05
2532	-1.1989437e-05
2533	-1.1989438e-05
2534	-1.198944e-05
2535	-1.1989442e-05
2536	-1.1989443e-05
2537	-1.1989445e-05
2538	-1.1989447e-05
2539	-1.1989449e-05
2540	-1.198945e-05
2541	-1.1989452e-05
2542	-1.1989453e-05
2543	-1.1989455e-05
2544	-1.1989457e-05
2545	-1.1989458e-05
2546	-1.198946e-05
2547	-1.1989462e-05
2548	-1.1989463e-05
2549	-1.1989465e-05
2550	-1.1989467e-05
2551	-1.1989468e-05
2552	-1.198947e-05
2553	-1.1989471e-05
2554	-1.1989473e-05
2555	-1.1989474e-05
2556	-1.1989476e-05
2557	-1.1989478e-05
2558	-1.1989479e-05
2559	-1.1989481e-05
2560	-1.1989482e-05
2561	-1.1989484e-05
2562	-1.1989485e-05
2563	-1.1989487e-05
2564	-1.1989488e-05
2565	-1.198949e-05
2566	-1.1989491e-05
2567	-1.1989493e-05
2568	-1.1989494e-05
2569	-1.1989496e-05
2570	-1.1989497e-05
2571	-1.1989499e-05
2572	-1.19895e-05
2573	-1.1989502e-05
2574	-1.1989503e-05
2575	-1.1989505e-05
2576	-1.1989506e-05
2577	-1.1989508e-05
2578	-1.1989509e-05
2579	-1.1989511e-05
2580	-1.1989512e-05
2581	-1.1989514e-05
2582	-1.1989515e-05
2583	-1.1989516e-05
2584	-1.1989518e-05
2585	-1.1989519e-05
2586	-1.1989521e-05
2587	-1.1989522e-05
2588	-1.1989523e-05
2589	-1.1989525e-05
2590	-1.1989526e-05
2591	-1.1989528e-05
2592	-1.1989529e-05
2593	-1.198953e-05
2594	-1.1989532e-05
2595	-1.1989533e-05
2596	-1.1989534e-05
2597	-1.1989536e-05
2598	-1.1989537e-05
2599	-1.1989538e-05
2600	-1.198954e-05
2601	-1.1989541e-05
2602	-1.1989542e-05
2603	-1.1989544e-05
2604	-1.1989545e-05
2605	-1.1989546e-05
2606	-1.1989548e-05
2607	-1.1989549e-05
2608	-1.198955e-05
2609	-1.1989552e-05
2610	-1.1989553e-05
2611	-1.1989554e-05
2612	-1.1989556e-05
2613	-1.1989557e-05
2614	-1.1989558e-05
2615	-1.1989559e-05
2616	-1.1989561e-05
2617	-1.1989562e-05
2618	-1.1989563e-05
2619	-1.1989564e-05
2620	-1.1989566e-05
2621	-1.1989567e-05
2622	-1.1989568e-05
2623	-1.1989569e-05
2624	-1.1989571e-05
2625	-1.1989572e-05
2626	-1.1989573e-05
2627	-1.1989574e-05
2628	-1.1989575e-05
2629	-1.1989577e-05
2630	-1.1989578e-05
2631	-1.1989579e-05
