1	0.51979712
2	0.44789395
3	0.39812119
4	0.36186185
5	0.33429279
6	0.31258219
7	0.29498949
8	0.28039803
9	0.26806289
10	0.25746948
11	0.24825111
12	0.2401394
13	0.23293314
14	0.22647839
15	0.22065519
16	0.21536856
17	0.21054226
18	0.20611425
19	0.20203354
20	0.19825778
21	0.19475145
22	0.19148453
23	0.18843146
24	0.18557031
25	0.18288216
26	0.18035059
27	0.17796126
28	0.17570159
29	0.1735605
30	0.17152818
31	0.16959592
32	0.16775594
33	0.16600128
34	0.16432569
35	0.16272353
36	0.16118972
37	0.15971963
38	0.15830908
39	0.15695426
40	0.15565166
41	0.15439811
42	0.15319067
43	0.15202665
44	0.15090359
45	0.14981919
46	0.14877134
47	0.14775808
48	0.14677761
49	0.14582825
50	0.14490841
51	0.14401666
52	0.14315162
53	0.14231202
54	0.14149668
55	0.14070449
56	0.1399344
57	0.13918543
58	0.13845666
59	0.13774723
60	0.13705632
61	0.13638316
62	0.13572704
63	0.13508726
64	0.13446317
65	0.13385418
66	0.1332597
67	0.13267917
68	0.13211208
69	0.13155794
70	0.13101628
71	0.13048664
72	0.12996861
73	0.12946179
74	0.12896578
75	0.12848022
76	0.12800477
77	0.12753908
78	0.12708285
79	0.12663576
80	0.12619753
81	0.12576787
82	0.12534653
83	0.12493324
84	0.12452776
85	0.12412986
86	0.12373932
87	0.12335591
88	0.12297943
89	0.12260968
90	0.12224648
91	0.12188964
92	0.12153897
93	0.12119432
94	0.12085552
95	0.12052241
96	0.12019485
97	0.11987267
98	0.11955575
99	0.11924395
100	0.11893714
101	0.11863518
102	0.11833797
103	0.11804538
104	0.1177573
105	0.11747361
106	0.11719422
107	0.11691901
108	0.1166479
109	0.11638078
110	0.11611756
111	0.11585815
112	0.11560247
113	0.11535043
114	0.11510194
115	0.11485693
116	0.11461532
117	0.11437704
118	0.11414201
119	0.11391017
120	0.11368144
121	0.11345577
122	0.11323308
123	0.11301331
124	0.11279641
125	0.11258231
126	0.11237095
127	0.11216229
128	0.11195627
129	0.11175283
130	0.11155192
131	0.1113535
132	0.11115751
133	0.11096391
134	0.11077266
135	0.1105837
136	0.110397
137	0.11021251
138	0.11003019
139	0.10985
140	0.1096719
141	0.10949585
142	0.10932182
143	0.10914977
144	0.10897967
145	0.10881147
146	0.10864515
147	0.10848068
148	0.10831801
149	0.10815712
150	0.10799799
151	0.10784057
152	0.10768484
153	0.10753077
154	0.10737834
155	0.10722751
156	0.10707826
157	0.10693057
158	0.1067844
159	0.10663974
160	0.10649656
161	0.10635483
162	0.10621454
163	0.10607565
164	0.10593815
165	0.10580202
166	0.10566723
167	0.10553377
168	0.10540161
169	0.10527073
170	0.10514112
171	0.10501275
172	0.1048856
173	0.10475967
174	0.10463492
175	0.10451134
176	0.10438892
177	0.10426764
178	0.10414748
179	0.10402842
180	0.10391046
181	0.10379356
182	0.10367773
183	0.10356293
184	0.10344917
185	0.10333642
186	0.10322467
187	0.10311391
188	0.10300411
189	0.10289528
190	0.1027874
191	0.10268044
192	0.10257441
193	0.10246929
194	0.10236506
195	0.10226171
196	0.10215924
197	0.10205763
198	0.10195687
199	0.10185695
200	0.10175785
201	0.10165958
202	0.1015621
203	0.10146543
204	0.10136954
205	0.10127443
206	0.10118008
207	0.10108649
208	0.10099364
209	0.10090154
210	0.10081016
211	0.1007195
212	0.10062956
213	0.10054031
214	0.10045176
215	0.1003639
216	0.10027671
217	0.10019019
218	0.10010433
219	0.10001913
220	0.099934565
221	0.099850642
222	0.099767349
223	0.09968468
224	0.099602626
225	0.09952118
226	0.099440336
227	0.099360086
228	0.099280424
229	0.099201343
230	0.099122837
231	0.099044899
232	0.098967522
233	0.0988907
234	0.098814428
235	0.098738699
236	0.098663506
237	0.098588845
238	0.098514709
239	0.098441093
240	0.09836799
241	0.098295396
242	0.098223305
243	0.098151711
244	0.098080609
245	0.098009995
246	0.097939861
247	0.097870205
248	0.09780102
249	0.097732302
250	0.097664045
251	0.097596246
252	0.097528899
253	0.097461999
254	0.097395542
255	0.097329524
256	0.097263939
257	0.097198784
258	0.097134055
259	0.097069746
260	0.097005853
261	0.096942374
262	0.096879302
263	0.096816635
264	0.096754368
265	0.096692497
266	0.096631019
267	0.09656993
268	0.096509225
269	0.096448901
270	0.096388954
271	0.096329382
272	0.096270179
273	0.096211343
274	0.09615287
275	0.096094756
276	0.096036999
277	0.095979594
278	0.095922539
279	0.09586583
280	0.095809464
281	0.095753438
282	0.095697748
283	0.095642392
284	0.095587366
285	0.095532668
286	0.095478294
287	0.095424241
288	0.095370507
289	0.095317088
290	0.095263983
291	0.095211187
292	0.095158698
293	0.095106513
294	0.09505463
295	0.095003046
296	0.094951759
297	0.094900765
298	0.094850062
299	0.094799648
300	0.09474952
301	0.094699675
302	0.094650112
303	0.094600827
304	0.094551818
305	0.094503083
306	0.09445462
307	0.094406425
308	0.094358498
309	0.094310835
310	0.094263435
311	0.094216295
312	0.094169412
313	0.094122786
314	0.094076413
315	0.094030292
316	0.09398442
317	0.093938796
318	0.093893416
319	0.093848281
320	0.093803386
321	0.093758731
322	0.093714313
323	0.093670131
324	0.093626182
325	0.093582464
326	0.093538977
327	0.093495717
328	0.093452684
329	0.093409875
330	0.093367288
331	0.093324922
332	0.093282775
333	0.093240845
334	0.093199131
335	0.093157631
336	0.093116343
337	0.093075265
338	0.093034396
339	0.092993734
340	0.092953278
341	0.092913027
342	0.092872977
343	0.092833129
344	0.09279348
345	0.092754028
346	0.092714773
347	0.092675713
348	0.092636847
349	0.092598172
350	0.092559688
351	0.092521393
352	0.092483285
353	0.092445364
354	0.092407628
355	0.092370075
356	0.092332704
357	0.092295514
358	0.092258503
359	0.092221671
360	0.092185015
361	0.092148535
362	0.092112229
363	0.092076097
364	0.092040136
365	0.092004345
366	0.091968724
367	0.09193327
368	0.091897984
369	0.091862863
370	0.091827907
371	0.091793114
372	0.091758483
373	0.091724013
374	0.091689704
375	0.091655552
376	0.091621559
377	0.091587722
378	0.09155404
379	0.091520513
380	0.091487139
381	0.091453917
382	0.091420847
383	0.091387926
384	0.091355155
385	0.091322532
386	0.091290055
387	0.091257725
388	0.09122554
389	0.091193499
390	0.091161601
391	0.091129846
392	0.091098231
393	0.091066757
394	0.091035422
395	0.091004225
396	0.090973166
397	0.090942244
398	0.090911457
399	0.090880804
400	0.090850286
401	0.0908199
402	0.090789647
403	0.090759525
404	0.090729533
405	0.090699671
406	0.090669937
407	0.090640332
408	0.090610853
409	0.090581501
410	0.090552273
411	0.090523171
412	0.090494192
413	0.090465337
414	0.090436603
415	0.090407991
416	0.0903795
417	0.090351128
418	0.090322876
419	0.090294742
420	0.090266725
421	0.090238826
422	0.090211043
423	0.090183375
424	0.090155822
425	0.090128383
426	0.090101058
427	0.090073845
428	0.090046743
429	0.090019754
430	0.089992874
431	0.089966105
432	0.089939445
433	0.089912893
434	0.08988645
435	0.089860113
436	0.089833883
437	0.089807759
438	0.089781741
439	0.089755827
440	0.089730017
441	0.08970431
442	0.089678707
443	0.089653205
444	0.089627805
445	0.089602507
446	0.089577308
447	0.089552209
448	0.08952721
449	0.089502309
450	0.089477507
451	0.089452801
452	0.089428193
453	0.089403681
454	0.089379265
455	0.089354944
456	0.089330718
457	0.089306586
458	0.089282547
459	0.089258602
460	0.089234749
461	0.089210988
462	0.089187319
463	0.089163741
464	0.089140253
465	0.089116855
466	0.089093546
467	0.089070327
468	0.089047196
469	0.089024152
470	0.089001197
471	0.088978328
472	0.088955546
473	0.088932849
474	0.088910238
475	0.088887713
476	0.088865272
477	0.088842914
478	0.088820641
479	0.088798451
480	0.088776343
481	0.088754318
482	0.088732375
483	0.088710513
484	0.088688732
485	0.088667031
486	0.088645411
487	0.08862387
488	0.088602409
489	0.088581026
490	0.088559721
491	0.088538495
492	0.088517346
493	0.088496274
494	0.088475279
495	0.088454361
496	0.088433518
497	0.088412751
498	0.088392058
499	0.088371441
500	0.088350898
501	0.088330429
502	0.088310033
503	0.08828971
504	0.088269461
505	0.088249284
506	0.088229178
507	0.088209145
508	0.088189183
509	0.088169291
510	0.088149471
511	0.08812972
512	0.088110039
513	0.088090428
514	0.088070886
515	0.088051413
516	0.088032008
517	0.088012672
518	0.087993403
519	0.087974201
520	0.087955067
521	0.087935999
522	0.087916998
523	0.087898063
524	0.087879193
525	0.087860389
526	0.087841651
527	0.087822976
528	0.087804367
529	0.087785821
530	0.08776734
531	0.087748921
532	0.087730566
533	0.087712274
534	0.087694045
535	0.087675878
536	0.087657773
537	0.087639729
538	0.087621747
539	0.087603826
540	0.087585966
541	0.087568166
542	0.087550426
543	0.087532747
544	0.087515127
545	0.087497566
546	0.087480064
547	0.087462622
548	0.087445237
549	0.087427911
550	0.087410643
551	0.087393433
552	0.08737628
553	0.087359184
554	0.087342145
555	0.087325163
556	0.087308237
557	0.087291367
558	0.087274553
559	0.087257795
560	0.087241092
561	0.087224444
562	0.087207851
563	0.087191312
564	0.087174827
565	0.087158397
566	0.087142021
567	0.087125698
568	0.087109428
569	0.087093211
570	0.087077048
571	0.087060937
572	0.087044878
573	0.087028871
574	0.087012917
575	0.086997013
576	0.086981162
577	0.086965361
578	0.086949612
579	0.086933913
580	0.086918265
581	0.086902667
582	0.086887119
583	0.086871621
584	0.086856173
585	0.086840774
586	0.086825424
587	0.086810123
588	0.086794871
589	0.086779668
590	0.086764513
591	0.086749406
592	0.086734347
593	0.086719335
594	0.086704372
595	0.086689455
596	0.086674586
597	0.086659763
598	0.086644987
599	0.086630258
600	0.086615575
601	0.086600938
602	0.086586347
603	0.086571801
604	0.086557302
605	0.086542847
606	0.086528438
607	0.086514073
608	0.086499753
609	0.086485478
610	0.086471248
611	0.086457061
612	0.086442918
613	0.08642882
614	0.086414764
615	0.086400753
616	0.086386784
617	0.086372859
618	0.086358977
619	0.086345137
620	0.08633134
621	0.086317585
622	0.086303873
623	0.086290202
624	0.086276574
625	0.086262987
626	0.086249442
627	0.086235938
628	0.086222475
629	0.086209053
630	0.086195672
631	0.086182332
632	0.086169032
633	0.086155773
634	0.086142554
635	0.086129375
636	0.086116235
637	0.086103136
638	0.086090076
639	0.086077056
640	0.086064074
641	0.086051132
642	0.086038229
643	0.086025364
644	0.086012539
645	0.085999751
646	0.085987002
647	0.085974292
648	0.085961619
649	0.085948984
650	0.085936387
651	0.085923827
652	0.085911305
653	0.08589882
654	0.085886372
655	0.085873962
656	0.085861588
657	0.085849251
658	0.08583695
659	0.085824686
660	0.085812458
661	0.085800266
662	0.085788111
663	0.085775991
664	0.085763907
665	0.085751858
666	0.085739845
667	0.085727868
668	0.085715925
669	0.085704018
670	0.085692145
671	0.085680308
672	0.085668505
673	0.085656736
674	0.085645002
675	0.085633303
676	0.085621637
677	0.085610006
678	0.085598408
679	0.085586844
680	0.085575314
681	0.085563817
682	0.085552354
683	0.085540924
684	0.085529527
685	0.085518163
686	0.085506832
687	0.085495534
688	0.085484269
689	0.085473036
690	0.085461835
691	0.085450667
692	0.085439531
693	0.085428427
694	0.085417355
695	0.085406315
696	0.085395307
697	0.08538433
698	0.085373385
699	0.085362471
700	0.085351588
701	0.085340737
702	0.085329916
703	0.085319127
704	0.085308368
705	0.08529764
706	0.085286943
707	0.085276276
708	0.085265639
709	0.085255033
710	0.085244457
711	0.085233911
712	0.085223395
713	0.085212909
714	0.085202453
715	0.085192026
716	0.085181629
717	0.085171261
718	0.085160922
719	0.085150613
720	0.085140333
721	0.085130082
722	0.08511986
723	0.085109666
724	0.085099502
725	0.085089366
726	0.085079258
727	0.085069179
728	0.085059128
729	0.085049106
730	0.085039111
731	0.085029145
732	0.085019207
733	0.085009296
734	0.084999413
735	0.084989558
736	0.08497973
737	0.08496993
738	0.084960157
739	0.084950412
740	0.084940693
741	0.084931002
742	0.084921338
743	0.0849117
744	0.08490209
745	0.084892506
746	0.084882949
747	0.084873418
748	0.084863914
749	0.084854436
750	0.084844984
751	0.084835559
752	0.08482616
753	0.084816786
754	0.084807439
755	0.084798117
756	0.084788822
757	0.084779552
758	0.084770307
759	0.084761088
760	0.084751894
761	0.084742726
762	0.084733583
763	0.084724465
764	0.084715372
765	0.084706305
766	0.084697262
767	0.084688244
768	0.08467925
769	0.084670282
770	0.084661338
771	0.084652418
772	0.084643523
773	0.084634652
774	0.084625806
775	0.084616983
776	0.084608185
777	0.084599411
778	0.084590661
779	0.084581935
780	0.084573232
781	0.084564553
782	0.084555898
783	0.084547266
784	0.084538658
785	0.084530074
786	0.084521512
787	0.084512974
788	0.084504459
789	0.084495968
790	0.084487499
791	0.084479053
792	0.08447063
793	0.08446223
794	0.084453853
795	0.084445498
796	0.084437167
797	0.084428857
798	0.08442057
799	0.084412306
800	0.084404063
801	0.084395843
802	0.084387646
803	0.08437947
804	0.084371316
805	0.084363185
806	0.084355075
807	0.084346987
808	0.084338921
809	0.084330876
810	0.084322854
811	0.084314852
812	0.084306873
813	0.084298914
814	0.084290977
815	0.084283062
816	0.084275167
817	0.084267294
818	0.084259442
819	0.084251611
820	0.084243801
821	0.084236011
822	0.084228243
823	0.084220495
824	0.084212768
825	0.084205062
826	0.084197376
827	0.084189711
828	0.084182067
829	0.084174442
830	0.084166838
831	0.084159255
832	0.084151691
833	0.084144148
834	0.084136625
835	0.084129121
836	0.084121638
837	0.084114175
838	0.084106731
839	0.084099308
840	0.084091904
841	0.084084519
842	0.084077155
843	0.084069809
844	0.084062484
845	0.084055178
846	0.084047891
847	0.084040623
848	0.084033375
849	0.084026146
850	0.084018936
851	0.084011745
852	0.084004573
853	0.08399742
854	0.083990286
855	0.083983171
856	0.083976074
857	0.083968997
858	0.083961938
859	0.083954897
860	0.083947876
861	0.083940872
862	0.083933888
863	0.083926921
864	0.083919973
865	0.083913044
866	0.083906132
867	0.083899239
868	0.083892364
869	0.083885507
870	0.083878668
871	0.083871847
872	0.083865044
873	0.083858258
874	0.083851491
875	0.083844741
876	0.083838009
877	0.083831295
878	0.083824598
879	0.083817919
880	0.083811258
881	0.083804613
882	0.083797987
883	0.083791377
884	0.083784785
885	0.08377821
886	0.083771653
887	0.083765112
888	0.083758589
889	0.083752083
890	0.083745593
891	0.083739121
892	0.083732666
893	0.083726227
894	0.083719805
895	0.0837134
896	0.083707012
897	0.08370064
898	0.083694285
899	0.083687947
900	0.083681625
901	0.083675319
902	0.08366903
903	0.083662757
904	0.083656501
905	0.083650261
906	0.083644037
907	0.083637829
908	0.083631638
909	0.083625463
910	0.083619303
911	0.08361316
912	0.083607032
913	0.083600921
914	0.083594825
915	0.083588746
916	0.083582682
917	0.083576633
918	0.083570601
919	0.083564584
920	0.083558582
921	0.083552597
922	0.083546626
923	0.083540672
924	0.083534732
925	0.083528808
926	0.083522899
927	0.083517006
928	0.083511128
929	0.083505265
930	0.083499417
931	0.083493585
932	0.083487767
933	0.083481965
934	0.083476177
935	0.083470404
936	0.083464647
937	0.083458904
938	0.083453176
939	0.083447463
940	0.083441764
941	0.083436081
942	0.083430412
943	0.083424757
944	0.083419117
945	0.083413492
946	0.083407881
947	0.083402285
948	0.083396703
949	0.083391135
950	0.083385582
951	0.083380043
952	0.083374518
953	0.083369008
954	0.083363511
955	0.083358029
956	0.083352561
957	0.083347107
958	0.083341667
959	0.083336241
960	0.083330829
961	0.083325431
962	0.083320046
963	0.083314676
964	0.083309319
965	0.083303976
966	0.083298647
967	0.083293332
968	0.08328803
969	0.083282741
970	0.083277467
971	0.083272205
972	0.083266958
973	0.083261723
974	0.083256502
975	0.083251295
976	0.083246101
977	0.08324092
978	0.083235752
979	0.083230598
980	0.083225457
981	0.083220329
982	0.083215214
983	0.083210112
984	0.083205023
985	0.083199948
986	0.083194885
987	0.083189835
988	0.083184798
989	0.083179774
990	0.083174763
991	0.083169765
992	0.083164779
993	0.083159806
994	0.083154846
995	0.083149899
996	0.083144964
997	0.083140041
998	0.083135132
999	0.083130234
1000	0.08312535
1001	0.083120478
1002	0.083115618
1003	0.08311077
1004	0.083105935
1005	0.083101113
1006	0.083096302
1007	0.083091504
1008	0.083086718
1009	0.083081944
1010	0.083077183
1011	0.083072433
1012	0.083067696
1013	0.08306297
1014	0.083058257
1015	0.083053556
1016	0.083048866
1017	0.083044189
1018	0.083039524
1019	0.08303487
1020	0.083030228
1021	0.083025598
1022	0.08302098
1023	0.083016373
1024	0.083011779
1025	0.083007196
1026	0.083002624
1027	0.082998064
1028	0.082993516
1029	0.082988979
1030	0.082984454
1031	0.082979941
1032	0.082975438
1033	0.082970948
1034	0.082966468
1035	0.082962
1036	0.082957543
1037	0.082953098
1038	0.082948664
1039	0.082944241
1040	0.082939829
1041	0.082935429
1042	0.08293104
1043	0.082926662
1044	0.082922295
1045	0.082917939
1046	0.082913594
1047	0.08290926
1048	0.082904937
1049	0.082900625
1050	0.082896324
1051	0.082892034
1052	0.082887754
1053	0.082883486
1054	0.082879228
1055	0.082874981
1056	0.082870745
1057	0.08286652
1058	0.082862305
1059	0.082858101
1060	0.082853907
1061	0.082849725
1062	0.082845552
1063	0.082841391
1064	0.082837239
1065	0.082833099
1066	0.082828969
1067	0.082824849
1068	0.08282074
1069	0.082816641
1070	0.082812552
1071	0.082808474
1072	0.082804406
1073	0.082800348
1074	0.082796301
1075	0.082792263
1076	0.082788236
1077	0.08278422
1078	0.082780213
1079	0.082776216
1080	0.08277223
1081	0.082768253
1082	0.082764287
1083	0.082760331
1084	0.082756384
1085	0.082752448
1086	0.082748521
1087	0.082744605
1088	0.082740698
1089	0.082736801
1090	0.082732914
1091	0.082729037
1092	0.082725169
1093	0.082721312
1094	0.082717464
1095	0.082713625
1096	0.082709797
1097	0.082705978
1098	0.082702168
1099	0.082698369
1100	0.082694578
1101	0.082690798
1102	0.082687027
1103	0.082683265
1104	0.082679513
1105	0.08267577
1106	0.082672037
1107	0.082668313
1108	0.082664599
1109	0.082660894
1110	0.082657198
1111	0.082653511
1112	0.082649834
1113	0.082646166
1114	0.082642507
1115	0.082638858
1116	0.082635217
1117	0.082631586
1118	0.082627964
1119	0.082624351
1120	0.082620747
1121	0.082617153
1122	0.082613567
1123	0.08260999
1124	0.082606422
1125	0.082602863
1126	0.082599314
1127	0.082595773
1128	0.082592241
1129	0.082588718
1130	0.082585203
1131	0.082581698
1132	0.082578201
1133	0.082574713
1134	0.082571234
1135	0.082567764
1136	0.082564302
1137	0.082560849
1138	0.082557405
1139	0.082553969
1140	0.082550542
1141	0.082547124
1142	0.082543714
1143	0.082540313
1144	0.08253692
1145	0.082533536
1146	0.08253016
1147	0.082526793
1148	0.082523434
1149	0.082520083
1150	0.082516741
1151	0.082513408
1152	0.082510083
1153	0.082506766
1154	0.082503457
1155	0.082500157
1156	0.082496865
1157	0.082493581
1158	0.082490306
1159	0.082487038
1160	0.082483779
1161	0.082480528
1162	0.082477286
1163	0.082474051
1164	0.082470824
1165	0.082467606
1166	0.082464396
1167	0.082461193
1168	0.082457999
1169	0.082454813
1170	0.082451634
1171	0.082448464
1172	0.082445301
1173	0.082442147
1174	0.082439
1175	0.082435862
1176	0.082432731
1177	0.082429608
1178	0.082426492
1179	0.082423385
1180	0.082420285
1181	0.082417194
1182	0.082414109
1183	0.082411033
1184	0.082407964
1185	0.082404903
1186	0.08240185
1187	0.082398804
1188	0.082395766
1189	0.082392736
1190	0.082389713
1191	0.082386697
1192	0.082383689
1193	0.082380689
1194	0.082377696
1195	0.082374711
1196	0.082371733
1197	0.082368763
1198	0.0823658
1199	0.082362844
1200	0.082359896
1201	0.082356956
1202	0.082354022
1203	0.082351096
1204	0.082348177
1205	0.082345266
1206	0.082342362
1207	0.082339465
1208	0.082336575
1209	0.082333693
1210	0.082330817
1211	0.082327949
1212	0.082325088
1213	0.082322235
1214	0.082319388
1215	0.082316548
1216	0.082313716
1217	0.082310891
1218	0.082308072
1219	0.082305261
1220	0.082302457
1221	0.08229966
1222	0.082296869
1223	0.082294086
1224	0.08229131
1225	0.08228854
1226	0.082285778
1227	0.082283022
1228	0.082280274
1229	0.082277532
1230	0.082274797
1231	0.082272069
1232	0.082269347
1233	0.082266633
1234	0.082263925
1235	0.082261224
1236	0.08225853
1237	0.082255842
1238	0.082253162
1239	0.082250487
1240	0.08224782
1241	0.082245159
1242	0.082242505
1243	0.082239857
1244	0.082237216
1245	0.082234582
1246	0.082231954
1247	0.082229333
1248	0.082226718
1249	0.08222411
1250	0.082221509
1251	0.082218913
1252	0.082216325
1253	0.082213742
1254	0.082211167
1255	0.082208597
1256	0.082206034
1257	0.082203478
1258	0.082200928
1259	0.082198384
1260	0.082195846
1261	0.082193315
1262	0.08219079
1263	0.082188272
1264	0.082185759
1265	0.082183253
1266	0.082180754
1267	0.08217826
1268	0.082175773
1269	0.082173292
1270	0.082170817
1271	0.082168348
1272	0.082165885
1273	0.082163429
1274	0.082160978
1275	0.082158534
1276	0.082156096
1277	0.082153664
1278	0.082151238
1279	0.082148818
1280	0.082146404
1281	0.082143996
1282	0.082141594
1283	0.082139198
1284	0.082136808
1285	0.082134424
1286	0.082132046
1287	0.082129674
1288	0.082127307
1289	0.082124947
1290	0.082122592
1291	0.082120244
1292	0.082117901
1293	0.082115564
1294	0.082113233
1295	0.082110908
1296	0.082108588
1297	0.082106274
1298	0.082103966
1299	0.082101664
1300	0.082099367
1301	0.082097077
1302	0.082094791
1303	0.082092512
1304	0.082090238
1305	0.08208797
1306	0.082085708
1307	0.082083451
1308	0.0820812
1309	0.082078954
1310	0.082076714
1311	0.08207448
1312	0.082072251
1313	0.082070027
1314	0.08206781
1315	0.082065597
1316	0.082063391
1317	0.082061189
1318	0.082058994
1319	0.082056803
1320	0.082054618
1321	0.082052439
1322	0.082050265
1323	0.082048096
1324	0.082045933
1325	0.082043775
1326	0.082041623
1327	0.082039475
1328	0.082037334
1329	0.082035197
1330	0.082033066
1331	0.08203094
1332	0.08202882
1333	0.082026704
1334	0.082024594
1335	0.08202249
1336	0.08202039
1337	0.082018296
1338	0.082016207
1339	0.082014123
1340	0.082012044
1341	0.08200997
1342	0.082007902
1343	0.082005839
1344	0.08200378
1345	0.082001727
1346	0.081999679
1347	0.081997637
1348	0.081995599
1349	0.081993566
1350	0.081991538
1351	0.081989516
1352	0.081987498
1353	0.081985486
1354	0.081983478
1355	0.081981476
1356	0.081979478
1357	0.081977485
1358	0.081975498
1359	0.081973515
1360	0.081971537
1361	0.081969564
1362	0.081967596
1363	0.081965633
1364	0.081963675
1365	0.081961721
1366	0.081959773
1367	0.081957829
1368	0.08195589
1369	0.081953956
1370	0.081952027
1371	0.081950103
1372	0.081948183
1373	0.081946268
1374	0.081944358
1375	0.081942453
1376	0.081940552
1377	0.081938656
1378	0.081936765
1379	0.081934878
1380	0.081932997
1381	0.081931119
1382	0.081929247
1383	0.081927379
1384	0.081925516
1385	0.081923657
1386	0.081921803
1387	0.081919954
1388	0.081918109
1389	0.081916269
1390	0.081914433
1391	0.081912602
1392	0.081910776
1393	0.081908954
1394	0.081907136
1395	0.081905323
1396	0.081903515
1397	0.081901711
1398	0.081899911
1399	0.081898116
1400	0.081896326
1401	0.08189454
1402	0.081892758
1403	0.081890981
1404	0.081889208
1405	0.081887439
1406	0.081885675
1407	0.081883916
1408	0.08188216
1409	0.081880409
1410	0.081878663
1411	0.081876921
1412	0.081875183
1413	0.081873449
1414	0.08187172
1415	0.081869995
1416	0.081868274
1417	0.081866557
1418	0.081864845
1419	0.081863137
1420	0.081861433
1421	0.081859734
1422	0.081858038
1423	0.081856347
1424	0.08185466
1425	0.081852978
1426	0.081851299
1427	0.081849625
1428	0.081847955
1429	0.081846288
1430	0.081844627
1431	0.081842969
1432	0.081841315
1433	0.081839665
1434	0.08183802
1435	0.081836378
1436	0.081834741
1437	0.081833108
1438	0.081831478
1439	0.081829853
1440	0.081828232
1441	0.081826615
1442	0.081825002
1443	0.081823393
1444	0.081821787
1445	0.081820186
1446	0.081818589
1447	0.081816996
1448	0.081815406
1449	0.081813821
1450	0.08181224
1451	0.081810662
1452	0.081809089
1453	0.081807519
1454	0.081805953
1455	0.081804391
1456	0.081802833
1457	0.081801279
1458	0.081799729
1459	0.081798182
1460	0.081796639
1461	0.081795101
1462	0.081793566
1463	0.081792034
1464	0.081790507
1465	0.081788983
1466	0.081787463
1467	0.081785947
1468	0.081784435
1469	0.081782926
1470	0.081781422
1471	0.08177992
1472	0.081778423
1473	0.081776929
1474	0.081775439
1475	0.081773953
1476	0.081772471
1477	0.081770992
1478	0.081769516
1479	0.081768045
1480	0.081766577
1481	0.081765112
1482	0.081763652
1483	0.081762195
1484	0.081760741
1485	0.081759291
1486	0.081757845
1487	0.081756402
1488	0.081754963
1489	0.081753528
1490	0.081752096
1491	0.081750667
1492	0.081749243
1493	0.081747821
1494	0.081746403
1495	0.081744989
1496	0.081743578
1497	0.081742171
1498	0.081740767
1499	0.081739367
1500	0.08173797
1501	0.081736576
1502	0.081735186
1503	0.0817338
1504	0.081732417
1505	0.081731037
1506	0.081729661
1507	0.081728288
1508	0.081726918
1509	0.081725552
1510	0.08172419
1511	0.08172283
1512	0.081721474
1513	0.081720122
1514	0.081718773
1515	0.081717427
1516	0.081716084
1517	0.081714745
1518	0.081713409
1519	0.081712076
1520	0.081710747
1521	0.081709421
1522	0.081708098
1523	0.081706779
1524	0.081705463
1525	0.08170415
1526	0.08170284
1527	0.081701534
1528	0.081700231
1529	0.081698931
1530	0.081697634
1531	0.08169634
1532	0.08169505
1533	0.081693763
1534	0.081692479
1535	0.081691198
1536	0.08168992
1537	0.081688646
1538	0.081687375
1539	0.081686107
1540	0.081684842
1541	0.08168358
1542	0.081682321
1543	0.081681065
1544	0.081679813
1545	0.081678563
1546	0.081677317
1547	0.081676074
1548	0.081674834
1549	0.081673597
1550	0.081672363
1551	0.081671132
1552	0.081669904
1553	0.081668679
1554	0.081667457
1555	0.081666238
1556	0.081665022
1557	0.081663809
1558	0.0816626
1559	0.081661393
1560	0.081660189
1561	0.081658988
1562	0.08165779
1563	0.081656595
1564	0.081655403
1565	0.081654214
1566	0.081653028
1567	0.081651845
1568	0.081650665
1569	0.081649488
1570	0.081648313
1571	0.081647142
1572	0.081645973
1573	0.081644808
1574	0.081643645
1575	0.081642485
1576	0.081641328
1577	0.081640174
1578	0.081639023
1579	0.081637874
1580	0.081636728
1581	0.081635586
1582	0.081634446
1583	0.081633309
1584	0.081632174
1585	0.081631043
1586	0.081629914
1587	0.081628788
1588	0.081627665
1589	0.081626545
1590	0.081625427
1591	0.081624312
1592	0.0816232
1593	0.081622091
1594	0.081620984
1595	0.08161988
1596	0.081618779
1597	0.081617681
1598	0.081616585
1599	0.081615492
1600	0.081614402
1601	0.081613314
1602	0.08161223
1603	0.081611147
1604	0.081610068
1605	0.081608991
1606	0.081607917
1607	0.081606845
1608	0.081605776
1609	0.08160471
1610	0.081603647
1611	0.081602586
1612	0.081601527
1613	0.081600472
1614	0.081599419
1615	0.081598368
1616	0.08159732
1617	0.081596275
1618	0.081595232
1619	0.081594192
1620	0.081593154
1621	0.081592119
1622	0.081591087
1623	0.081590057
1624	0.08158903
1625	0.081588005
1626	0.081586983
1627	0.081585963
1628	0.081584946
1629	0.081583931
1630	0.081582919
1631	0.081581909
1632	0.081580902
1633	0.081579897
1634	0.081578895
1635	0.081577895
1636	0.081576898
1637	0.081575903
1638	0.081574911
1639	0.081573921
1640	0.081572933
1641	0.081571948
1642	0.081570966
1643	0.081569986
1644	0.081569008
1645	0.081568033
1646	0.08156706
1647	0.081566089
1648	0.081565121
1649	0.081564155
1650	0.081563192
1651	0.081562231
1652	0.081561273
1653	0.081560316
1654	0.081559363
1655	0.081558411
1656	0.081557462
1657	0.081556515
1658	0.081555571
1659	0.081554629
1660	0.081553689
1661	0.081552751
1662	0.081551816
1663	0.081550884
1664	0.081549953
1665	0.081549025
1666	0.081548099
1667	0.081547175
1668	0.081546254
1669	0.081545335
1670	0.081544418
1671	0.081543504
1672	0.081542591
1673	0.081541681
1674	0.081540773
1675	0.081539868
1676	0.081538965
1677	0.081538064
1678	0.081537165
1679	0.081536268
1680	0.081535374
1681	0.081534482
1682	0.081533592
1683	0.081532704
1684	0.081531818
1685	0.081530935
1686	0.081530054
1687	0.081529175
1688	0.081528298
1689	0.081527423
1690	0.081526551
1691	0.08152568
1692	0.081524812
1693	0.081523946
1694	0.081523082
1695	0.08152222
1696	0.08152136
1697	0.081520503
1698	0.081519647
1699	0.081518794
1700	0.081517943
1701	0.081517094
1702	0.081516247
1703	0.081515402
1704	0.081514559
1705	0.081513718
1706	0.081512879
1707	0.081512043
1708	0.081511208
1709	0.081510376
1710	0.081509545
1711	0.081508717
1712	0.081507891
1713	0.081507066
1714	0.081506244
1715	0.081505424
1716	0.081504606
1717	0.08150379
1718	0.081502975
