1	0.57176448
2	0.5245276
3	0.48573254
4	0.45348551
5	0.42637134
6	0.40332305
7	0.38352899
8	0.3663661
9	0.3513518
10	0.3381089
11	0.32633995
12	0.31580828
13	0.30632398
14	0.29773331
15	0.2899108
16	0.28275326
17	0.27617512
18	0.27010495
19	0.26448267
20	0.25925742
21	0.25438586
22	0.24983086
23	0.2455604
24	0.24154676
25	0.23776575
26	0.23419625
27	0.23081967
28	0.2276196
29	0.22458149
30	0.2216924
31	0.21894079
32	0.21631631
33	0.21380964
34	0.21141241
35	0.20911703
36	0.20691664
37	0.20480498
38	0.20277636
39	0.2008256
40	0.19894792
41	0.19713897
42	0.19539474
43	0.19371153
44	0.19208595
45	0.19051484
46	0.18899528
47	0.18752459
48	0.18610023
49	0.1847199
50	0.1833814
51	0.18208271
52	0.18082193
53	0.17959731
54	0.17840717
55	0.17724997
56	0.17612424
57	0.17502862
58	0.17396182
59	0.17292261
60	0.17190987
61	0.17092251
62	0.1699595
63	0.1690199
64	0.16810278
65	0.16720729
66	0.1663326
67	0.16547795
68	0.1646426
69	0.16382584
70	0.16302702
71	0.16224551
72	0.1614807
73	0.16073202
74	0.15999892
75	0.15928089
76	0.15857744
77	0.15788807
78	0.15721235
79	0.15654984
80	0.15590013
81	0.15526281
82	0.15463751
83	0.15402387
84	0.15342154
85	0.15283019
86	0.15224949
87	0.15167913
88	0.15111882
89	0.15056828
90	0.15002724
91	0.14949543
92	0.14897259
93	0.14845849
94	0.14795289
95	0.14745557
96	0.14696631
97	0.1464849
98	0.14601114
99	0.14554483
100	0.14508578
101	0.14463383
102	0.14418878
103	0.14375047
104	0.14331873
105	0.14289342
106	0.14247437
107	0.14206143
108	0.14165448
109	0.14125335
110	0.14085793
111	0.14046809
112	0.14008369
113	0.13970461
114	0.13933074
115	0.13896196
116	0.13859817
117	0.13823924
118	0.13788509
119	0.1375356
120	0.13719068
121	0.13685024
122	0.13651418
123	0.1361824
124	0.13585483
125	0.13553138
126	0.13521196
127	0.13489649
128	0.13458491
129	0.13427712
130	0.13397305
131	0.13367265
132	0.13337582
133	0.13308251
134	0.13279265
135	0.13250617
136	0.13222301
137	0.13194311
138	0.13166641
139	0.13139285
140	0.13112237
141	0.13085492
142	0.13059045
143	0.13032889
144	0.13007021
145	0.12981434
146	0.12956125
147	0.12931088
148	0.12906318
149	0.12881811
150	0.12857563
151	0.12833569
152	0.12809825
153	0.12786326
154	0.1276307
155	0.12740051
156	0.12717266
157	0.12694711
158	0.12672382
159	0.12650276
160	0.12628389
161	0.12606718
162	0.1258526
163	0.1256401
164	0.12542966
165	0.12522125
166	0.12501483
167	0.12481037
168	0.12460785
169	0.12440724
170	0.1242085
171	0.12401161
172	0.12381654
173	0.12362327
174	0.12343176
175	0.123242
176	0.12305396
177	0.1228676
178	0.12268292
179	0.12249988
180	0.12231846
181	0.12213863
182	0.12196039
183	0.1217837
184	0.12160854
185	0.12143489
186	0.12126273
187	0.12109204
188	0.1209228
189	0.12075499
190	0.12058859
191	0.12042359
192	0.12025996
193	0.12009768
194	0.11993674
195	0.11977713
196	0.11961881
197	0.11946178
198	0.11930602
199	0.11915151
200	0.11899824
201	0.11884619
202	0.11869535
203	0.1185457
204	0.11839722
205	0.11824991
206	0.11810374
207	0.1179587
208	0.11781478
209	0.11767197
210	0.11753025
211	0.1173896
212	0.11725002
213	0.11711149
214	0.11697401
215	0.11683755
216	0.1167021
217	0.11656766
218	0.11643421
219	0.11630173
220	0.11617023
221	0.11603968
222	0.11591008
223	0.11578142
224	0.11565368
225	0.11552685
226	0.11540093
227	0.11527589
228	0.11515175
229	0.11502847
230	0.11490606
231	0.11478451
232	0.11466379
233	0.11454392
234	0.11442487
235	0.11430663
236	0.11418921
237	0.11407258
238	0.11395674
239	0.11384169
240	0.11372741
241	0.1136139
242	0.11350114
243	0.11338913
244	0.11327787
245	0.11316734
246	0.11305753
247	0.11294844
248	0.11284007
249	0.1127324
250	0.11262542
251	0.11251914
252	0.11241353
253	0.1123086
254	0.11220435
255	0.11210075
256	0.11199781
257	0.11189551
258	0.11179386
259	0.11169285
260	0.11159246
261	0.1114927
262	0.11139355
263	0.11129502
264	0.11119709
265	0.11109976
266	0.11100303
267	0.11090688
268	0.11081131
269	0.11071632
270	0.1106219
271	0.11052805
272	0.11043476
273	0.11034202
274	0.11024984
275	0.11015819
276	0.11006709
277	0.10997652
278	0.10988648
279	0.10979697
280	0.10970797
281	0.1096195
282	0.10953153
283	0.10944406
284	0.1093571
285	0.10927064
286	0.10918466
287	0.10909918
288	0.10901418
289	0.10892966
290	0.10884561
291	0.10876203
292	0.10867892
293	0.10859627
294	0.10851408
295	0.10843234
296	0.10835106
297	0.10827022
298	0.10818982
299	0.10810986
300	0.10803034
301	0.10795125
302	0.10787258
303	0.10779434
304	0.10771652
305	0.10763912
306	0.10756213
307	0.10748555
308	0.10740937
309	0.1073336
310	0.10725823
311	0.10718326
312	0.10710867
313	0.10703448
314	0.10696067
315	0.10688725
316	0.10681421
317	0.10674154
318	0.10666925
319	0.10659733
320	0.10652577
321	0.10645459
322	0.10638376
323	0.10631329
324	0.10624318
325	0.10617343
326	0.10610402
327	0.10603496
328	0.10596625
329	0.10589788
330	0.10582985
331	0.10576215
332	0.10569479
333	0.10562776
334	0.10556107
335	0.1054947
336	0.10542865
337	0.10536292
338	0.10529752
339	0.10523243
340	0.10516765
341	0.10510319
342	0.10503904
343	0.10497519
344	0.10491165
345	0.10484841
346	0.10478547
347	0.10472284
348	0.10466049
349	0.10459844
350	0.10453668
351	0.10447522
352	0.10441404
353	0.10435314
354	0.10429253
355	0.1042322
356	0.10417214
357	0.10411237
358	0.10405287
359	0.10399364
360	0.10393469
361	0.103876
362	0.10381758
363	0.10375942
364	0.10370153
365	0.1036439
366	0.10358653
367	0.10352942
368	0.10347257
369	0.10341596
370	0.10335962
371	0.10330352
372	0.10324767
373	0.10319206
374	0.10313671
375	0.10308159
376	0.10302672
377	0.10297209
378	0.1029177
379	0.10286355
380	0.10280963
381	0.10275594
382	0.10270249
383	0.10264927
384	0.10259627
385	0.10254351
386	0.10249097
387	0.10243865
388	0.10238656
389	0.10233469
390	0.10228304
391	0.10223161
392	0.1021804
393	0.1021294
394	0.10207862
395	0.10202804
396	0.10197769
397	0.10192754
398	0.1018776
399	0.10182786
400	0.10177834
401	0.10172901
402	0.1016799
403	0.10163098
404	0.10158226
405	0.10153375
406	0.10148543
407	0.10143731
408	0.10138938
409	0.10134165
410	0.10129412
411	0.10124677
412	0.10119962
413	0.10115265
414	0.10110587
415	0.10105928
416	0.10101288
417	0.10096666
418	0.10092063
419	0.10087478
420	0.10082911
421	0.10078362
422	0.10073831
423	0.10069317
424	0.10064822
425	0.10060344
426	0.10055883
427	0.1005144
428	0.10047014
429	0.10042606
430	0.10038214
431	0.10033839
432	0.10029482
433	0.10025141
434	0.10020816
435	0.10016509
436	0.10012217
437	0.10007942
438	0.10003684
439	0.099994412
440	0.099952147
441	0.099910043
442	0.099868097
443	0.099826309
444	0.099784678
445	0.099743204
446	0.099701884
447	0.099660719
448	0.099619707
449	0.099578847
450	0.099538139
451	0.099497582
452	0.099457175
453	0.099416916
454	0.099376806
455	0.099336843
456	0.099297026
457	0.099257355
458	0.099217829
459	0.099178447
460	0.099139208
461	0.099100111
462	0.099061156
463	0.099022341
464	0.098983666
465	0.098945131
466	0.098906733
467	0.098868474
468	0.098830351
469	0.098792364
470	0.098754513
471	0.098716796
472	0.098679213
473	0.098641763
474	0.098604445
475	0.098567259
476	0.098530204
477	0.098493279
478	0.098456483
479	0.098419816
480	0.098383277
481	0.098346866
482	0.098310581
483	0.098274422
484	0.098238389
485	0.09820248
486	0.098166695
487	0.098131034
488	0.098095495
489	0.098060078
490	0.098024782
491	0.097989607
492	0.097954552
493	0.097919617
494	0.0978848
495	0.097850101
496	0.09781552
497	0.097781056
498	0.097746708
499	0.097712476
500	0.097678359
501	0.097644356
502	0.097610467
503	0.097576692
504	0.097543029
505	0.097509479
506	0.097476039
507	0.097442711
508	0.097409494
509	0.097376386
510	0.097343387
511	0.097310497
512	0.097277715
513	0.097245041
514	0.097212474
515	0.097180013
516	0.097147658
517	0.097115409
518	0.097083265
519	0.097051225
520	0.097019288
521	0.096987456
522	0.096955726
523	0.096924098
524	0.096892572
525	0.096861147
526	0.096829823
527	0.096798599
528	0.096767475
529	0.096736451
530	0.096705525
531	0.096674697
532	0.096643968
533	0.096613335
534	0.0965828
535	0.09655236
536	0.096522017
537	0.096491769
538	0.096461616
539	0.096431558
540	0.096401594
541	0.096371723
542	0.096341946
543	0.096312261
544	0.096282668
545	0.096253167
546	0.096223758
547	0.09619444
548	0.096165212
549	0.096136074
550	0.096107025
551	0.096078066
552	0.096049196
553	0.096020414
554	0.09599172
555	0.095963114
556	0.095934595
557	0.095906162
558	0.095877816
559	0.095849555
560	0.09582138
561	0.095793291
562	0.095765285
563	0.095737365
564	0.095709528
565	0.095681774
566	0.095654104
567	0.095626517
568	0.095599012
569	0.095571588
570	0.095544247
571	0.095516987
572	0.095489807
573	0.095462708
574	0.09543569
575	0.095408751
576	0.095381891
577	0.09535511
578	0.095328408
579	0.095301785
580	0.095275239
581	0.095248771
582	0.095222381
583	0.095196067
584	0.095169829
585	0.095143668
586	0.095117583
587	0.095091574
588	0.095065639
589	0.09503978
590	0.095013995
591	0.094988284
592	0.094962647
593	0.094937084
594	0.094911594
595	0.094886177
596	0.094860832
597	0.09483556
598	0.094810359
599	0.094785231
600	0.094760173
601	0.094735187
602	0.094710271
603	0.094685426
604	0.09466065
605	0.094635945
606	0.094611309
607	0.094586742
608	0.094562244
609	0.094537815
610	0.094513454
611	0.094489161
612	0.094464935
613	0.094440777
614	0.094416686
615	0.094392662
616	0.094368705
617	0.094344814
618	0.094320989
619	0.094297229
620	0.094273535
621	0.094249906
622	0.094226342
623	0.094202842
624	0.094179407
625	0.094156036
626	0.094132729
627	0.094109485
628	0.094086304
629	0.094063187
630	0.094040132
631	0.09401714
632	0.093994209
633	0.093971341
634	0.093948535
635	0.09392579
636	0.093903106
637	0.093880483
638	0.09385792
639	0.093835418
640	0.093812977
641	0.093790595
642	0.093768273
643	0.09374601
644	0.093723807
645	0.093701662
646	0.093679576
647	0.093657549
648	0.09363558
649	0.093613669
650	0.093591816
651	0.09357002
652	0.093548282
653	0.0935266
654	0.093504976
655	0.093483408
656	0.093461896
657	0.093440441
658	0.093419041
659	0.093397698
660	0.093376409
661	0.093355176
662	0.093333998
663	0.093312875
664	0.093291807
665	0.093270793
666	0.093249833
667	0.093228927
668	0.093208075
669	0.093187276
670	0.093166531
671	0.093145839
672	0.093125199
673	0.093104613
674	0.093084079
675	0.093063597
676	0.093043167
677	0.09302279
678	0.093002464
679	0.092982189
680	0.092961966
681	0.092941794
682	0.092921672
683	0.092901602
684	0.092881582
685	0.092861612
686	0.092841692
687	0.092821822
688	0.092802002
689	0.092782232
690	0.092762511
691	0.092742839
692	0.092723216
693	0.092703642
694	0.092684116
695	0.092664639
696	0.09264521
697	0.092625829
698	0.092606496
699	0.092587211
700	0.092567973
701	0.092548783
702	0.09252964
703	0.092510543
704	0.092491494
705	0.092472491
706	0.092453535
707	0.092434624
708	0.09241576
709	0.092396942
710	0.09237817
711	0.092359443
712	0.092340762
713	0.092322126
714	0.092303535
715	0.092284989
716	0.092266488
717	0.092248031
718	0.092229619
719	0.092211251
720	0.092192928
721	0.092174648
722	0.092156412
723	0.092138219
724	0.09212007
725	0.092101965
726	0.092083902
727	0.092065883
728	0.092047906
729	0.092029972
730	0.092012081
731	0.091994232
732	0.091976425
733	0.09195866
734	0.091940937
735	0.091923256
736	0.091905617
737	0.091888019
738	0.091870462
739	0.091852947
740	0.091835472
741	0.091818039
742	0.091800646
743	0.091783294
744	0.091765982
745	0.091748711
746	0.091731479
747	0.091714288
748	0.091697137
749	0.091680025
750	0.091662953
751	0.091645921
752	0.091628927
753	0.091611973
754	0.091595058
755	0.091578182
756	0.091561345
757	0.091544546
758	0.091527786
759	0.091511064
760	0.091494381
761	0.091477735
762	0.091461128
763	0.091444558
764	0.091428027
765	0.091411532
766	0.091395075
767	0.091378656
768	0.091362274
769	0.091345928
770	0.09132962
771	0.091313349
772	0.091297114
773	0.091280916
774	0.091264754
775	0.091248628
776	0.091232539
777	0.091216486
778	0.091200469
779	0.091184487
780	0.091168542
781	0.091152632
782	0.091136757
783	0.091120918
784	0.091105114
785	0.091089345
786	0.091073611
787	0.091057911
788	0.091042247
789	0.091026617
790	0.091011022
791	0.090995461
792	0.090979935
793	0.090964443
794	0.090948984
795	0.09093356
796	0.09091817
797	0.090902813
798	0.09088749
799	0.0908722
800	0.090856944
801	0.090841721
802	0.090826532
803	0.090811375
804	0.090796251
805	0.09078116
806	0.090766102
807	0.090751077
808	0.090736084
809	0.090721123
810	0.090706195
811	0.090691299
812	0.090676435
813	0.090661603
814	0.090646803
815	0.090632035
816	0.090617299
817	0.090602594
818	0.090587921
819	0.090573279
820	0.090558668
821	0.090544088
822	0.09052954
823	0.090515022
824	0.090500536
825	0.09048608
826	0.090471655
827	0.09045726
828	0.090442897
829	0.090428563
830	0.09041426
831	0.090399987
832	0.090385744
833	0.090371531
834	0.090357348
835	0.090343194
836	0.090329071
837	0.090314977
838	0.090300913
839	0.090286878
840	0.090272872
841	0.090258896
842	0.090244949
843	0.090231031
844	0.090217142
845	0.090203282
846	0.090189451
847	0.090175648
848	0.090161874
849	0.090148129
850	0.090134412
851	0.090120724
852	0.090107063
853	0.090093431
854	0.090079827
855	0.090066251
856	0.090052703
857	0.090039183
858	0.090025691
859	0.090012226
860	0.089998789
861	0.089985379
862	0.089971997
863	0.089958642
864	0.089945315
865	0.089932014
866	0.089918741
867	0.089905495
868	0.089892275
869	0.089879083
870	0.089865917
871	0.089852778
872	0.089839665
873	0.089826579
874	0.08981352
875	0.089800487
876	0.08978748
877	0.089774499
878	0.089761544
879	0.089748616
880	0.089735713
881	0.089722837
882	0.089709986
883	0.089697161
884	0.089684361
885	0.089671587
886	0.089658839
887	0.089646116
888	0.089633418
889	0.089620746
890	0.089608099
891	0.089595477
892	0.08958288
893	0.089570308
894	0.089557761
895	0.089545239
896	0.089532741
897	0.089520269
898	0.08950782
899	0.089495397
900	0.089482998
901	0.089470623
902	0.089458273
903	0.089445946
904	0.089433645
905	0.089421367
906	0.089409113
907	0.089396883
908	0.089384677
909	0.089372495
910	0.089360337
911	0.089348202
912	0.089336092
913	0.089324004
914	0.08931194
915	0.0892999
916	0.089287883
917	0.089275889
918	0.089263919
919	0.089251971
920	0.089240047
921	0.089228146
922	0.089216267
923	0.089204412
924	0.089192579
925	0.08918077
926	0.089168983
927	0.089157218
928	0.089145476
929	0.089133757
930	0.08912206
931	0.089110386
932	0.089098733
933	0.089087104
934	0.089075496
935	0.08906391
936	0.089052347
937	0.089040805
938	0.089029286
939	0.089017788
940	0.089006312
941	0.088994858
942	0.088983426
943	0.088972015
944	0.088960626
945	0.088949258
946	0.088937912
947	0.088926587
948	0.088915284
949	0.088904002
950	0.088892741
951	0.088881501
952	0.088870283
953	0.088859085
954	0.088847908
955	0.088836753
956	0.088825618
957	0.088814504
958	0.088803411
959	0.088792338
960	0.088781287
961	0.088770255
962	0.088759245
963	0.088748255
964	0.088737285
965	0.088726335
966	0.088715406
967	0.088704498
968	0.088693609
969	0.088682741
970	0.088671892
971	0.088661064
972	0.088650256
973	0.088639467
974	0.088628699
975	0.08861795
976	0.088607221
977	0.088596512
978	0.088585822
979	0.088575152
980	0.088564502
981	0.088553871
982	0.08854326
983	0.088532668
984	0.088522095
985	0.088511542
986	0.088501008
987	0.088490493
988	0.088479998
989	0.088469521
990	0.088459063
991	0.088448625
992	0.088438205
993	0.088427805
994	0.088417423
995	0.08840706
996	0.088396715
997	0.08838639
998	0.088376083
999	0.088365794
1000	0.088355525
1001	0.088345273
1002	0.088335041
1003	0.088324826
1004	0.08831463
1005	0.088304452
1006	0.088294293
1007	0.088284152
1008	0.088274029
1009	0.088263924
1010	0.088253837
1011	0.088243768
1012	0.088233717
1013	0.088223684
1014	0.088213669
1015	0.088203672
1016	0.088193692
1017	0.088183731
1018	0.088173787
1019	0.088163861
1020	0.088153952
1021	0.088144061
1022	0.088134187
1023	0.088124331
1024	0.088114493
1025	0.088104671
1026	0.088094867
1027	0.088085081
1028	0.088075312
1029	0.088065559
1030	0.088055825
1031	0.088046107
1032	0.088036406
1033	0.088026722
1034	0.088017056
1035	0.088007406
1036	0.087997773
1037	0.087988157
1038	0.087978558
1039	0.087968976
1040	0.08795941
1041	0.087949861
1042	0.087940329
1043	0.087930814
1044	0.087921315
1045	0.087911832
1046	0.087902366
1047	0.087892917
1048	0.087883484
1049	0.087874067
1050	0.087864667
1051	0.087855282
1052	0.087845915
1053	0.087836563
1054	0.087827228
1055	0.087817908
1056	0.087808605
1057	0.087799318
1058	0.087790047
1059	0.087780791
1060	0.087771552
1061	0.087762329
1062	0.087753121
1063	0.08774393
1064	0.087734754
1065	0.087725594
1066	0.087716449
1067	0.08770732
1068	0.087698207
1069	0.08768911
1070	0.087680027
1071	0.087670961
1072	0.08766191
1073	0.087652874
1074	0.087643854
1075	0.087634849
1076	0.08762586
1077	0.087616885
1078	0.087607926
1079	0.087598983
1080	0.087590054
1081	0.087581141
1082	0.087572242
1083	0.087563359
1084	0.087554491
1085	0.087545637
1086	0.087536799
1087	0.087527976
1088	0.087519167
1089	0.087510374
1090	0.087501595
1091	0.087492831
1092	0.087484081
1093	0.087475347
1094	0.087466627
1095	0.087457922
1096	0.087449231
1097	0.087440555
1098	0.087431894
1099	0.087423247
1100	0.087414614
1101	0.087405996
1102	0.087397392
1103	0.087388803
1104	0.087380228
1105	0.087371667
1106	0.087363121
1107	0.087354588
1108	0.08734607
1109	0.087337567
1110	0.087329077
1111	0.087320601
1112	0.08731214
1113	0.087303692
1114	0.087295259
1115	0.087286839
1116	0.087278434
1117	0.087270042
1118	0.087261664
1119	0.0872533
1120	0.08724495
1121	0.087236614
1122	0.087228291
1123	0.087219982
1124	0.087211687
1125	0.087203406
1126	0.087195138
1127	0.087186883
1128	0.087178643
1129	0.087170415
1130	0.087162202
1131	0.087154001
1132	0.087145814
1133	0.087137641
1134	0.087129481
1135	0.087121334
1136	0.087113201
1137	0.08710508
1138	0.087096974
1139	0.08708888
1140	0.087080799
1141	0.087072732
1142	0.087064678
1143	0.087056637
1144	0.087048609
1145	0.087040594
1146	0.087032592
1147	0.087024603
1148	0.087016627
1149	0.087008664
1150	0.087000714
1151	0.086992776
1152	0.086984852
1153	0.08697694
1154	0.086969041
1155	0.086961155
1156	0.086953282
1157	0.086945421
1158	0.086937573
1159	0.086929738
1160	0.086921915
1161	0.086914105
1162	0.086906307
1163	0.086898522
1164	0.08689075
1165	0.086882989
1166	0.086875242
1167	0.086867506
1168	0.086859784
1169	0.086852073
1170	0.086844375
1171	0.086836689
1172	0.086829016
1173	0.086821354
1174	0.086813705
1175	0.086806068
1176	0.086798444
1177	0.086790831
1178	0.086783231
1179	0.086775642
1180	0.086768066
1181	0.086760502
1182	0.08675295
1183	0.086745409
1184	0.086737881
1185	0.086730365
1186	0.08672286
1187	0.086715368
1188	0.086707887
1189	0.086700418
1190	0.086692961
1191	0.086685516
1192	0.086678083
1193	0.086670661
1194	0.086663251
1195	0.086655853
1196	0.086648466
1197	0.086641091
1198	0.086633728
1199	0.086626376
1200	0.086619036
1201	0.086611707
1202	0.08660439
1203	0.086597084
1204	0.08658979
1205	0.086582507
1206	0.086575235
1207	0.086567975
1208	0.086560727
1209	0.086553489
1210	0.086546263
1211	0.086539048
1212	0.086531845
1213	0.086524653
1214	0.086517472
1215	0.086510302
1216	0.086503143
1217	0.086495996
1218	0.086488859
1219	0.086481734
1220	0.08647462
1221	0.086467517
1222	0.086460425
1223	0.086453344
1224	0.086446274
1225	0.086439215
1226	0.086432166
1227	0.086425129
1228	0.086418103
1229	0.086411087
1230	0.086404083
1231	0.086397089
1232	0.086390106
1233	0.086383134
1234	0.086376172
1235	0.086369221
1236	0.086362281
1237	0.086355352
1238	0.086348434
1239	0.086341526
1240	0.086334628
1241	0.086327741
1242	0.086320865
1243	0.086314
1244	0.086307145
1245	0.0863003
1246	0.086293466
1247	0.086286642
1248	0.086279829
1249	0.086273027
1250	0.086266234
1251	0.086259452
1252	0.086252681
1253	0.08624592
1254	0.086239169
1255	0.086232428
1256	0.086225698
1257	0.086218978
1258	0.086212268
1259	0.086205569
1260	0.08619888
1261	0.0861922
1262	0.086185532
1263	0.086178873
1264	0.086172224
1265	0.086165585
1266	0.086158957
1267	0.086152338
1268	0.08614573
1269	0.086139132
1270	0.086132543
1271	0.086125965
1272	0.086119396
1273	0.086112838
1274	0.086106289
1275	0.08609975
1276	0.086093222
1277	0.086086703
1278	0.086080193
1279	0.086073694
1280	0.086067205
1281	0.086060725
1282	0.086054255
1283	0.086047795
1284	0.086041344
1285	0.086034903
1286	0.086028472
1287	0.086022051
1288	0.086015639
1289	0.086009237
1290	0.086002844
1291	0.085996461
1292	0.085990088
1293	0.085983724
1294	0.08597737
1295	0.085971025
1296	0.08596469
1297	0.085958364
1298	0.085952047
1299	0.08594574
1300	0.085939443
1301	0.085933155
1302	0.085926876
1303	0.085920607
1304	0.085914347
1305	0.085908096
1306	0.085901855
1307	0.085895623
1308	0.0858894
1309	0.085883186
1310	0.085876982
1311	0.085870787
1312	0.085864601
1313	0.085858424
1314	0.085852257
1315	0.085846099
1316	0.085839949
1317	0.085833809
1318	0.085827678
1319	0.085821556
1320	0.085815443
1321	0.08580934
1322	0.085803245
1323	0.085797159
1324	0.085791082
1325	0.085785014
1326	0.085778955
1327	0.085772906
1328	0.085766865
1329	0.085760832
1330	0.085754809
1331	0.085748795
1332	0.08574279
1333	0.085736793
1334	0.085730805
1335	0.085724826
1336	0.085718856
1337	0.085712895
1338	0.085706942
1339	0.085700998
1340	0.085695063
1341	0.085689136
1342	0.085683218
1343	0.085677309
1344	0.085671409
1345	0.085665517
1346	0.085659634
1347	0.085653759
1348	0.085647893
1349	0.085642036
1350	0.085636187
1351	0.085630347
1352	0.085624515
1353	0.085618692
1354	0.085612877
1355	0.085607071
1356	0.085601273
1357	0.085595483
1358	0.085589702
1359	0.08558393
1360	0.085578166
1361	0.08557241
1362	0.085566663
1363	0.085560924
1364	0.085555193
1365	0.085549471
1366	0.085543757
1367	0.085538051
1368	0.085532353
1369	0.085526664
1370	0.085520983
1371	0.085515311
1372	0.085509646
1373	0.08550399
1374	0.085498342
1375	0.085492702
1376	0.08548707
1377	0.085481446
1378	0.085475831
1379	0.085470224
1380	0.085464624
1381	0.085459033
1382	0.08545345
1383	0.085447875
1384	0.085442308
1385	0.085436749
1386	0.085431198
1387	0.085425655
1388	0.08542012
1389	0.085414593
1390	0.085409074
1391	0.085403562
1392	0.085398059
1393	0.085392564
1394	0.085387076
1395	0.085381597
1396	0.085376125
1397	0.085370661
1398	0.085365205
1399	0.085359757
1400	0.085354317
1401	0.085348884
1402	0.085343459
1403	0.085338042
1404	0.085332633
1405	0.085327231
1406	0.085321837
1407	0.085316451
1408	0.085311073
1409	0.085305702
1410	0.085300339
1411	0.085294984
1412	0.085289636
1413	0.085284296
1414	0.085278963
1415	0.085273638
1416	0.085268321
1417	0.085263011
1418	0.085257709
1419	0.085252414
1420	0.085247127
1421	0.085241848
1422	0.085236576
1423	0.085231311
1424	0.085226054
1425	0.085220804
1426	0.085215562
1427	0.085210327
1428	0.0852051
1429	0.08519988
1430	0.085194668
1431	0.085189463
1432	0.085184265
1433	0.085179074
1434	0.085173891
1435	0.085168716
1436	0.085163547
1437	0.085158386
1438	0.085153233
1439	0.085148086
1440	0.085142947
1441	0.085137815
1442	0.08513269
1443	0.085127573
1444	0.085122463
1445	0.08511736
1446	0.085112264
1447	0.085107175
1448	0.085102094
1449	0.085097019
1450	0.085091952
1451	0.085086892
1452	0.085081839
1453	0.085076794
1454	0.085071755
1455	0.085066723
1456	0.085061699
1457	0.085056681
1458	0.085051671
1459	0.085046668
1460	0.085041671
1461	0.085036682
1462	0.0850317
1463	0.085026724
1464	0.085021756
1465	0.085016794
1466	0.08501184
1467	0.085006892
1468	0.085001952
1469	0.084997018
1470	0.084992091
1471	0.084987171
1472	0.084982258
1473	0.084977352
1474	0.084972453
1475	0.084967561
1476	0.084962675
1477	0.084957796
1478	0.084952924
1479	0.084948059
1480	0.084943201
1481	0.084938349
1482	0.084933504
1483	0.084928666
1484	0.084923835
1485	0.08491901
1486	0.084914192
1487	0.084909381
1488	0.084904577
1489	0.084899779
1490	0.084894988
1491	0.084890203
1492	0.084885426
1493	0.084880654
1494	0.08487589
1495	0.084871132
1496	0.084866381
1497	0.084861636
1498	0.084856898
1499	0.084852166
1500	0.084847441
1501	0.084842723
1502	0.084838011
1503	0.084833305
1504	0.084828607
1505	0.084823914
1506	0.084819228
1507	0.084814549
1508	0.084809876
1509	0.08480521
1510	0.08480055
1511	0.084795896
1512	0.084791249
1513	0.084786608
1514	0.084781974
1515	0.084777346
1516	0.084772725
1517	0.08476811
1518	0.084763501
1519	0.084758898
1520	0.084754302
1521	0.084749713
1522	0.084745129
1523	0.084740552
1524	0.084735981
1525	0.084731417
1526	0.084726859
1527	0.084722307
1528	0.084717761
1529	0.084713222
1530	0.084708689
1531	0.084704162
1532	0.084699641
1533	0.084695127
1534	0.084690618
1535	0.084686116
1536	0.08468162
1537	0.084677131
1538	0.084672647
1539	0.08466817
1540	0.084663698
1541	0.084659233
1542	0.084654774
1543	0.084650321
1544	0.084645874
1545	0.084641434
1546	0.084636999
1547	0.08463257
1548	0.084628148
1549	0.084623731
1550	0.084619321
1551	0.084614916
1552	0.084610518
1553	0.084606126
1554	0.084601739
1555	0.084597359
1556	0.084592985
1557	0.084588616
1558	0.084584254
1559	0.084579897
1560	0.084575547
1561	0.084571202
1562	0.084566863
1563	0.084562531
1564	0.084558204
1565	0.084553883
1566	0.084549568
1567	0.084545258
1568	0.084540955
1569	0.084536657
1570	0.084532366
1571	0.08452808
1572	0.0845238
1573	0.084519526
1574	0.084515258
1575	0.084510995
1576	0.084506738
1577	0.084502487
1578	0.084498242
1579	0.084494003
1580	0.084489769
1581	0.084485541
1582	0.084481319
1583	0.084477102
1584	0.084472892
1585	0.084468687
1586	0.084464487
1587	0.084460294
1588	0.084456106
1589	0.084451923
1590	0.084447747
1591	0.084443576
1592	0.084439411
1593	0.084435251
1594	0.084431097
1595	0.084426948
1596	0.084422806
1597	0.084418668
1598	0.084414537
1599	0.084410411
1600	0.08440629
1601	0.084402175
1602	0.084398066
1603	0.084393962
1604	0.084389864
1605	0.084385771
1606	0.084381684
1607	0.084377602
1608	0.084373526
1609	0.084369456
1610	0.08436539
1611	0.084361331
1612	0.084357276
1613	0.084353228
1614	0.084349184
1615	0.084345147
1616	0.084341114
1617	0.084337087
1618	0.084333065
1619	0.084329049
1620	0.084325039
1621	0.084321033
1622	0.084317033
1623	0.084313039
1624	0.084309049
1625	0.084305065
1626	0.084301087
1627	0.084297114
1628	0.084293146
1629	0.084289183
1630	0.084285226
1631	0.084281274
1632	0.084277328
1633	0.084273386
1634	0.08426945
1635	0.08426552
1636	0.084261594
1637	0.084257674
1638	0.084253759
1639	0.084249849
1640	0.084245945
1641	0.084242046
1642	0.084238152
1643	0.084234263
1644	0.084230379
1645	0.084226501
1646	0.084222628
1647	0.08421876
1648	0.084214897
1649	0.084211039
1650	0.084207186
1651	0.084203339
1652	0.084199497
1653	0.08419566
1654	0.084191828
1655	0.084188001
1656	0.084184179
1657	0.084180362
1658	0.084176551
1659	0.084172744
1660	0.084168943
1661	0.084165147
1662	0.084161355
1663	0.084157569
1664	0.084153788
1665	0.084150012
1666	0.084146241
1667	0.084142475
1668	0.084138714
1669	0.084134958
1670	0.084131207
1671	0.084127461
1672	0.08412372
1673	0.084119984
1674	0.084116252
1675	0.084112526
1676	0.084108805
1677	0.084105089
1678	0.084101378
1679	0.084097671
1680	0.08409397
1681	0.084090273
1682	0.084086582
1683	0.084082895
1684	0.084079213
1685	0.084075536
1686	0.084071864
1687	0.084068197
1688	0.084064535
1689	0.084060877
1690	0.084057225
1691	0.084053577
1692	0.084049934
1693	0.084046296
1694	0.084042663
1695	0.084039034
1696	0.084035411
1697	0.084031792
1698	0.084028178
1699	0.084024569
1700	0.084020964
1701	0.084017364
1702	0.08401377
1703	0.084010179
1704	0.084006594
1705	0.084003013
1706	0.083999437
1707	0.083995866
1708	0.0839923
1709	0.083988738
1710	0.083985181
1711	0.083981628
1712	0.083978081
1713	0.083974538
1714	0.083970999
1715	0.083967466
1716	0.083963937
1717	0.083960413
1718	0.083956893
1719	0.083953378
1720	0.083949868
1721	0.083946362
1722	0.083942861
1723	0.083939364
1724	0.083935872
1725	0.083932385
1726	0.083928902
1727	0.083925424
1728	0.083921951
1729	0.083918482
1730	0.083915018
1731	0.083911558
1732	0.083908103
1733	0.083904652
1734	0.083901206
1735	0.083897764
1736	0.083894327
1737	0.083890895
1738	0.083887466
1739	0.083884043
1740	0.083880624
1741	0.083877209
1742	0.083873799
1743	0.083870394
1744	0.083866993
1745	0.083863596
1746	0.083860204
1747	0.083856816
1748	0.083853433
1749	0.083850054
1750	0.08384668
1751	0.08384331
1752	0.083839945
1753	0.083836583
1754	0.083833227
1755	0.083829874
1756	0.083826527
1757	0.083823183
1758	0.083819844
1759	0.083816509
1760	0.083813179
1761	0.083809853
1762	0.083806531
1763	0.083803214
1764	0.083799901
1765	0.083796593
1766	0.083793288
1767	0.083789989
1768	0.083786693
1769	0.083783402
1770	0.083780115
1771	0.083776832
1772	0.083773554
1773	0.08377028
1774	0.08376701
1775	0.083763744
1776	0.083760483
1777	0.083757226
1778	0.083753973
1779	0.083750725
1780	0.083747481
1781	0.083744241
1782	0.083741005
1783	0.083737773
1784	0.083734546
1785	0.083731323
1786	0.083728104
1787	0.08372489
1788	0.083721679
1789	0.083718473
1790	0.083715271
1791	0.083712073
1792	0.083708879
1793	0.08370569
1794	0.083702504
1795	0.083699323
1796	0.083696146
1797	0.083692973
1798	0.083689804
1799	0.083686639
1800	0.083683479
1801	0.083680322
1802	0.08367717
1803	0.083674022
1804	0.083670878
1805	0.083667738
1806	0.083664602
1807	0.08366147
1808	0.083658342
1809	0.083655218
1810	0.083652099
1811	0.083648983
1812	0.083645872
1813	0.083642764
1814	0.083639661
1815	0.083636561
1816	0.083633466
1817	0.083630375
1818	0.083627287
1819	0.083624204
1820	0.083621125
1821	0.08361805
1822	0.083614978
1823	0.083611911
1824	0.083608848
1825	0.083605788
1826	0.083602733
1827	0.083599682
1828	0.083596634
1829	0.083593591
1830	0.083590551
1831	0.083587516
1832	0.083584484
1833	0.083581456
1834	0.083578433
1835	0.083575413
1836	0.083572397
1837	0.083569385
1838	0.083566377
1839	0.083563373
1840	0.083560372
1841	0.083557376
1842	0.083554383
1843	0.083551395
1844	0.08354841
1845	0.083545429
1846	0.083542452
1847	0.083539479
1848	0.08353651
1849	0.083533544
1850	0.083530582
1851	0.083527625
1852	0.083524671
1853	0.083521721
1854	0.083518774
1855	0.083515832
1856	0.083512893
1857	0.083509958
1858	0.083507027
1859	0.0835041
1860	0.083501176
1861	0.083498256
1862	0.08349534
1863	0.083492428
1864	0.08348952
1865	0.083486615
1866	0.083483714
1867	0.083480817
1868	0.083477924
1869	0.083475034
1870	0.083472148
1871	0.083469266
1872	0.083466387
1873	0.083463513
1874	0.083460641
1875	0.083457774
1876	0.08345491
1877	0.083452051
1878	0.083449194
1879	0.083446342
1880	0.083443493
1881	0.083440648
1882	0.083437806
1883	0.083434968
1884	0.083432134
1885	0.083429303
1886	0.083426477
1887	0.083423653
1888	0.083420834
1889	0.083418018
1890	0.083415205
1891	0.083412397
1892	0.083409591
1893	0.08340679
1894	0.083403992
1895	0.083401198
1896	0.083398407
1897	0.08339562
1898	0.083392837
1899	0.083390057
1900	0.08338728
1901	0.083384508
1902	0.083381738
1903	0.083378973
1904	0.083376211
1905	0.083373452
1906	0.083370697
1907	0.083367946
1908	0.083365198
1909	0.083362454
1910	0.083359713
1911	0.083356976
1912	0.083354242
1913	0.083351512
1914	0.083348785
1915	0.083346062
1916	0.083343342
1917	0.083340626
1918	0.083337913
1919	0.083335204
1920	0.083332498
1921	0.083329796
1922	0.083327097
1923	0.083324402
1924	0.08332171
1925	0.083319022
1926	0.083316337
1927	0.083313655
1928	0.083310977
1929	0.083308303
1930	0.083305631
1931	0.083302964
1932	0.083300299
1933	0.083297638
1934	0.083294981
1935	0.083292327
1936	0.083289676
1937	0.083287029
1938	0.083284385
1939	0.083281744
1940	0.083279107
1941	0.083276474
1942	0.083273843
1943	0.083271216
1944	0.083268593
1945	0.083265973
1946	0.083263356
1947	0.083260742
1948	0.083258132
1949	0.083255525
1950	0.083252922
1951	0.083250322
1952	0.083247725
1953	0.083245131
1954	0.083242541
1955	0.083239954
1956	0.083237371
1957	0.08323479
1958	0.083232214
1959	0.08322964
1960	0.08322707
1961	0.083224503
1962	0.083221939
1963	0.083219378
1964	0.083216821
1965	0.083214267
1966	0.083211717
1967	0.083209169
1968	0.083206625
1969	0.083204084
1970	0.083201547
1971	0.083199012
1972	0.083196481
1973	0.083193953
1974	0.083191429
1975	0.083188907
1976	0.083186389
1977	0.083183874
1978	0.083181362
1979	0.083178854
1980	0.083176348
1981	0.083173846
1982	0.083171347
1983	0.083168852
1984	0.083166359
1985	0.08316387
1986	0.083161383
1987	0.0831589
1988	0.083156421
1989	0.083153944
1990	0.08315147
1991	0.083149
1992	0.083146533
1993	0.083144069
1994	0.083141608
1995	0.08313915
1996	0.083136695
1997	0.083134244
1998	0.083131795
1999	0.08312935
2000	0.083126908
2001	0.083124469
2002	0.083122033
2003	0.0831196
2004	0.083117171
2005	0.083114744
2006	0.083112321
2007	0.0831099
2008	0.083107483
2009	0.083105069
2010	0.083102658
2011	0.083100249
2012	0.083097844
2013	0.083095443
2014	0.083093044
2015	0.083090648
2016	0.083088255
2017	0.083085865
2018	0.083083479
2019	0.083081095
2020	0.083078714
2021	0.083076337
2022	0.083073962
2023	0.083071591
2024	0.083069222
2025	0.083066857
2026	0.083064494
2027	0.083062135
2028	0.083059778
2029	0.083057425
2030	0.083055075
2031	0.083052727
2032	0.083050383
2033	0.083048041
2034	0.083045703
2035	0.083043367
2036	0.083041035
2037	0.083038705
2038	0.083036378
2039	0.083034055
2040	0.083031734
2041	0.083029416
2042	0.083027101
2043	0.08302479
2044	0.083022481
2045	0.083020175
2046	0.083017872
2047	0.083015571
2048	0.083013274
2049	0.08301098
2050	0.083008689
2051	0.0830064
2052	0.083004115
2053	0.083001832
2054	0.082999552
2055	0.082997275
2056	0.082995001
2057	0.08299273
2058	0.082990462
2059	0.082988197
2060	0.082985935
2061	0.082983675
2062	0.082981418
2063	0.082979164
2064	0.082976914
2065	0.082974665
2066	0.08297242
2067	0.082970178
2068	0.082967938
2069	0.082965702
2070	0.082963468
2071	0.082961237
2072	0.082959009
2073	0.082956783
2074	0.082954561
2075	0.082952341
2076	0.082950124
2077	0.08294791
2078	0.082945699
2079	0.08294349
2080	0.082941285
2081	0.082939082
2082	0.082936882
2083	0.082934685
2084	0.08293249
2085	0.082930298
2086	0.082928109
2087	0.082925923
2088	0.08292374
2089	0.082921559
2090	0.082919381
2091	0.082917206
2092	0.082915034
2093	0.082912864
2094	0.082910698
2095	0.082908534
2096	0.082906372
2097	0.082904214
2098	0.082902058
2099	0.082899905
2100	0.082897754
2101	0.082895607
2102	0.082893462
2103	0.082891319
2104	0.08288918
2105	0.082887043
2106	0.082884909
2107	0.082882778
2108	0.082880649
2109	0.082878523
2110	0.0828764
2111	0.082874279
2112	0.082872161
2113	0.082870046
2114	0.082867933
2115	0.082865823
2116	0.082863716
2117	0.082861611
2118	0.08285951
2119	0.08285741
2120	0.082855314
2121	0.08285322
2122	0.082851129
2123	0.08284904
2124	0.082846954
2125	0.082844871
2126	0.08284279
2127	0.082840712
2128	0.082838636
2129	0.082836563
2130	0.082834493
2131	0.082832426
2132	0.082830361
2133	0.082828298
2134	0.082826239
2135	0.082824181
2136	0.082822127
2137	0.082820075
2138	0.082818026
2139	0.082815979
2140	0.082813935
2141	0.082811893
2142	0.082809854
2143	0.082807818
2144	0.082805784
2145	0.082803752
2146	0.082801724
2147	0.082799697
2148	0.082797674
2149	0.082795653
2150	0.082793634
2151	0.082791618
2152	0.082789605
2153	0.082787594
2154	0.082785586
2155	0.08278358
2156	0.082781577
2157	0.082779576
2158	0.082777578
2159	0.082775582
2160	0.082773589
2161	0.082771598
2162	0.08276961
2163	0.082767625
2164	0.082765642
2165	0.082763661
2166	0.082761683
2167	0.082759707
2168	0.082757734
2169	0.082755764
2170	0.082753795
2171	0.08275183
2172	0.082749867
2173	0.082747906
2174	0.082745948
2175	0.082743992
2176	0.082742039
2177	0.082740088
2178	0.08273814
2179	0.082736194
2180	0.08273425
2181	0.082732309
2182	0.082730371
2183	0.082728435
2184	0.082726501
2185	0.08272457
2186	0.082722641
2187	0.082720715
2188	0.082718791
2189	0.082716869
2190	0.08271495
2191	0.082713034
2192	0.082711119
2193	0.082709207
2194	0.082707298
2195	0.082705391
2196	0.082703486
2197	0.082701584
2198	0.082699684
2199	0.082697787
2200	0.082695892
2201	0.082693999
2202	0.082692109
2203	0.082690221
2204	0.082688336
2205	0.082686453
2206	0.082684572
2207	0.082682694
2208	0.082680818
2209	0.082678944
2210	0.082677073
2211	0.082675204
2212	0.082673337
2213	0.082671473
2214	0.082669611
2215	0.082667752
2216	0.082665894
2217	0.08266404
2218	0.082662187
2219	0.082660337
2220	0.082658489
2221	0.082656644
2222	0.0826548
2223	0.08265296
2224	0.082651121
2225	0.082649285
2226	0.082647451
2227	0.082645619
2228	0.08264379
2229	0.082641963
2230	0.082640138
2231	0.082638316
2232	0.082636496
2233	0.082634678
2234	0.082632862
2235	0.082631049
2236	0.082629238
2237	0.082627429
2238	0.082625623
2239	0.082623819
2240	0.082622017
2241	0.082620217
2242	0.08261842
2243	0.082616625
2244	0.082614832
2245	0.082613041
2246	0.082611253
2247	0.082609467
2248	0.082607683
2249	0.082605901
2250	0.082604122
2251	0.082602345
2252	0.08260057
2253	0.082598797
2254	0.082597027
2255	0.082595259
2256	0.082593493
2257	0.082591729
2258	0.082589968
2259	0.082588208
2260	0.082586451
2261	0.082584696
2262	0.082582943
2263	0.082581193
2264	0.082579445
2265	0.082577699
2266	0.082575955
2267	0.082574213
2268	0.082572473
2269	0.082570736
2270	0.082569001
2271	0.082567268
2272	0.082565537
2273	0.082563809
2274	0.082562082
2275	0.082560358
2276	0.082558636
2277	0.082556916
2278	0.082555198
2279	0.082553482
2280	0.082551769
2281	0.082550057
2282	0.082548348
2283	0.082546641
2284	0.082544936
2285	0.082543234
2286	0.082541533
2287	0.082539835
2288	0.082538138
2289	0.082536444
2290	0.082534752
2291	0.082533062
2292	0.082531374
2293	0.082529688
2294	0.082528005
2295	0.082526323
2296	0.082524644
2297	0.082522967
2298	0.082521291
2299	0.082519618
2300	0.082517947
2301	0.082516278
2302	0.082514612
2303	0.082512947
2304	0.082511284
2305	0.082509624
2306	0.082507965
2307	0.082506309
2308	0.082504655
2309	0.082503003
2310	0.082501352
2311	0.082499704
2312	0.082498058
2313	0.082496415
2314	0.082494773
2315	0.082493133
2316	0.082491495
2317	0.082489859
2318	0.082488226
2319	0.082486594
2320	0.082484965
2321	0.082483337
2322	0.082481712
2323	0.082480088
2324	0.082478467
2325	0.082476847
2326	0.08247523
2327	0.082473615
2328	0.082472002
2329	0.08247039
2330	0.082468781
2331	0.082467174
2332	0.082465569
2333	0.082463966
2334	0.082462364
2335	0.082460765
2336	0.082459168
2337	0.082457573
2338	0.08245598
2339	0.082454388
2340	0.082452799
2341	0.082451212
2342	0.082449627
2343	0.082448044
2344	0.082446463
2345	0.082444883
2346	0.082443306
2347	0.082441731
2348	0.082440157
2349	0.082438586
2350	0.082437017
2351	0.082435449
2352	0.082433884
2353	0.08243232
2354	0.082430759
2355	0.082429199
2356	0.082427642
2357	0.082426086
2358	0.082424532
2359	0.08242298
2360	0.082421431
2361	0.082419883
2362	0.082418337
2363	0.082416793
2364	0.082415251
2365	0.082413711
2366	0.082412172
2367	0.082410636
2368	0.082409102
2369	0.082407569
2370	0.082406039
2371	0.08240451
2372	0.082402983
2373	0.082401459
2374	0.082399936
2375	0.082398415
2376	0.082396896
2377	0.082395378
2378	0.082393863
2379	0.08239235
2380	0.082390838
2381	0.082389329
2382	0.082387821
2383	0.082386315
2384	0.082384811
2385	0.082383309
2386	0.082381809
2387	0.082380311
2388	0.082378814
2389	0.08237732
2390	0.082375827
2391	0.082374336
2392	0.082372847
2393	0.08237136
2394	0.082369875
2395	0.082368392
2396	0.08236691
2397	0.082365431
2398	0.082363953
2399	0.082362477
2400	0.082361003
2401	0.08235953
2402	0.08235806
2403	0.082356591
2404	0.082355125
2405	0.08235366
2406	0.082352197
2407	0.082350735
2408	0.082349276
2409	0.082347818
2410	0.082346363
2411	0.082344909
2412	0.082343457
2413	0.082342006
2414	0.082340558
2415	0.082339111
2416	0.082337666
2417	0.082336223
2418	0.082334782
2419	0.082333342
2420	0.082331905
2421	0.082330469
2422	0.082329035
2423	0.082327602
2424	0.082326172
2425	0.082324743
2426	0.082323316
2427	0.082321891
2428	0.082320468
2429	0.082319046
2430	0.082317626
2431	0.082316208
2432	0.082314792
2433	0.082313378
2434	0.082311965
2435	0.082310554
2436	0.082309145
2437	0.082307737
2438	0.082306332
2439	0.082304928
2440	0.082303526
2441	0.082302125
2442	0.082300727
2443	0.08229933
2444	0.082297934
2445	0.082296541
2446	0.082295149
2447	0.082293759
2448	0.082292371
2449	0.082290985
2450	0.0822896
2451	0.082288217
2452	0.082286836
2453	0.082285456
2454	0.082284078
2455	0.082282702
2456	0.082281328
2457	0.082279955
2458	0.082278584
2459	0.082277215
2460	0.082275847
2461	0.082274482
2462	0.082273117
2463	0.082271755
2464	0.082270394
2465	0.082269035
2466	0.082267678
2467	0.082266322
2468	0.082264968
2469	0.082263616
2470	0.082262265
2471	0.082260917
2472	0.082259569
2473	0.082258224
2474	0.08225688
2475	0.082255538
2476	0.082254197
2477	0.082252859
2478	0.082251521
2479	0.082250186
2480	0.082248852
2481	0.08224752
2482	0.08224619
2483	0.082244861
2484	0.082243534
2485	0.082242208
2486	0.082240884
2487	0.082239562
2488	0.082238242
2489	0.082236923
2490	0.082235605
2491	0.08223429
2492	0.082232976
2493	0.082231664
2494	0.082230353
2495	0.082229044
2496	0.082227736
2497	0.082226431
2498	0.082225127
2499	0.082223824
2500	0.082222523
2501	0.082221224
2502	0.082219926
2503	0.08221863
2504	0.082217336
2505	0.082216043
2506	0.082214752
2507	0.082213462
2508	0.082212174
2509	0.082210888
2510	0.082209603
2511	0.08220832
2512	0.082207038
2513	0.082205758
2514	0.08220448
2515	0.082203203
2516	0.082201928
2517	0.082200654
2518	0.082199382
2519	0.082198112
2520	0.082196843
2521	0.082195576
2522	0.08219431
2523	0.082193046
2524	0.082191784
2525	0.082190523
2526	0.082189263
2527	0.082188006
2528	0.082186749
2529	0.082185495
2530	0.082184242
2531	0.08218299
2532	0.08218174
2533	0.082180492
2534	0.082179245
2535	0.082178
2536	0.082176756
2537	0.082175514
2538	0.082174273
2539	0.082173034
2540	0.082171796
2541	0.08217056
2542	0.082169326
2543	0.082168093
2544	0.082166861
2545	0.082165632
2546	0.082164403
2547	0.082163176
2548	0.082161951
2549	0.082160727
2550	0.082159505
2551	0.082158285
2552	0.082157065
2553	0.082155848
2554	0.082154632
2555	0.082153417
2556	0.082152204
2557	0.082150992
2558	0.082149782
2559	0.082148574
2560	0.082147366
2561	0.082146161
2562	0.082144957
2563	0.082143754
2564	0.082142553
2565	0.082141354
2566	0.082140156
2567	0.082138959
2568	0.082137764
2569	0.08213657
2570	0.082135378
2571	0.082134188
2572	0.082132998
2573	0.082131811
2574	0.082130625
2575	0.08212944
2576	0.082128257
2577	0.082127075
2578	0.082125895
2579	0.082124716
2580	0.082123538
2581	0.082122362
2582	0.082121188
2583	0.082120015
2584	0.082118844
2585	0.082117674
2586	0.082116505
2587	0.082115338
2588	0.082114172
2589	0.082113008
2590	0.082111845
2591	0.082110684
2592	0.082109524
2593	0.082108366
2594	0.082107209
2595	0.082106053
2596	0.082104899
2597	0.082103746
2598	0.082102595
2599	0.082101445
2600	0.082100297
2601	0.08209915
2602	0.082098004
2603	0.08209686
2604	0.082095718
2605	0.082094576
2606	0.082093437
2607	0.082092298
2608	0.082091161
2609	0.082090026
2610	0.082088892
2611	0.082087759
2612	0.082086627
2613	0.082085498
2614	0.082084369
2615	0.082083242
2616	0.082082116
2617	0.082080992
2618	0.082079869
2619	0.082078747
2620	0.082077627
2621	0.082076509
2622	0.082075391
2623	0.082074275
2624	0.082073161
2625	0.082072048
2626	0.082070936
2627	0.082069826
2628	0.082068717
2629	0.082067609
2630	0.082066503
2631	0.082065398
2632	0.082064294
2633	0.082063192
2634	0.082062091
2635	0.082060992
2636	0.082059894
2637	0.082058797
2638	0.082057702
2639	0.082056608
2640	0.082055516
2641	0.082054424
2642	0.082053335
2643	0.082052246
2644	0.082051159
2645	0.082050073
2646	0.082048989
2647	0.082047906
2648	0.082046824
2649	0.082045744
2650	0.082044665
2651	0.082043587
2652	0.08204251
2653	0.082041435
2654	0.082040362
2655	0.082039289
2656	0.082038218
2657	0.082037149
2658	0.08203608
2659	0.082035013
2660	0.082033948
2661	0.082032883
2662	0.08203182
2663	0.082030759
2664	0.082029698
2665	0.082028639
2666	0.082027581
2667	0.082026525
2668	0.08202547
2669	0.082024416
2670	0.082023363
2671	0.082022312
2672	0.082021262
2673	0.082020214
2674	0.082019166
2675	0.08201812
2676	0.082017076
2677	0.082016032
2678	0.08201499
2679	0.082013949
2680	0.08201291
2681	0.082011872
2682	0.082010835
2683	0.082009799
2684	0.082008765
2685	0.082007732
2686	0.0820067
2687	0.08200567
2688	0.08200464
2689	0.082003612
2690	0.082002586
2691	0.08200156
2692	0.082000536
2693	0.081999514
2694	0.081998492
2695	0.081997472
2696	0.081996453
2697	0.081995435
2698	0.081994419
2699	0.081993403
2700	0.081992389
2701	0.081991377
2702	0.081990365
2703	0.081989355
2704	0.081988346
2705	0.081987339
2706	0.081986332
2707	0.081985327
2708	0.081984323
2709	0.08198332
2710	0.081982319
2711	0.081981319
2712	0.08198032
2713	0.081979322
2714	0.081978326
2715	0.081977331
2716	0.081976337
2717	0.081975344
2718	0.081974352
2719	0.081973362
2720	0.081972373
2721	0.081971385
2722	0.081970399
2723	0.081969413
2724	0.081968429
2725	0.081967446
2726	0.081966465
2727	0.081965484
2728	0.081964505
2729	0.081963527
2730	0.08196255
2731	0.081961574
2732	0.0819606
2733	0.081959627
2734	0.081958655
2735	0.081957684
2736	0.081956715
2737	0.081955746
2738	0.081954779
2739	0.081953813
2740	0.081952848
2741	0.081951885
2742	0.081950922
2743	0.081949961
2744	0.081949001
2745	0.081948043
2746	0.081947085
2747	0.081946129
2748	0.081945173
2749	0.081944219
2750	0.081943267
2751	0.081942315
2752	0.081941364
2753	0.081940415
2754	0.081939467
2755	0.08193852
2756	0.081937574
2757	0.08193663
2758	0.081935686
2759	0.081934744
2760	0.081933803
2761	0.081932863
2762	0.081931925
2763	0.081930987
2764	0.081930051
2765	0.081929115
2766	0.081928181
2767	0.081927248
2768	0.081926317
2769	0.081925386
2770	0.081924457
2771	0.081923528
2772	0.081922601
2773	0.081921675
2774	0.08192075
2775	0.081919827
2776	0.081918904
2777	0.081917983
2778	0.081917063
2779	0.081916144
2780	0.081915226
2781	0.081914309
2782	0.081913393
2783	0.081912479
2784	0.081911565
2785	0.081910653
2786	0.081909742
2787	0.081908832
2788	0.081907923
2789	0.081907015
2790	0.081906109
2791	0.081905203
2792	0.081904299
2793	0.081903395
2794	0.081902493
2795	0.081901592
2796	0.081900692
2797	0.081899794
2798	0.081898896
2799	0.081897999
2800	0.081897104
2801	0.08189621
2802	0.081895317
2803	0.081894424
2804	0.081893533
2805	0.081892644
2806	0.081891755
2807	0.081890867
2808	0.081889981
2809	0.081889095
2810	0.081888211
2811	0.081887327
2812	0.081886445
2813	0.081885564
2814	0.081884684
2815	0.081883805
2816	0.081882928
2817	0.081882051
2818	0.081881175
2819	0.081880301
2820	0.081879427
2821	0.081878555
2822	0.081877684
2823	0.081876813
2824	0.081875944
2825	0.081875076
2826	0.081874209
2827	0.081873343
2828	0.081872478
2829	0.081871615
2830	0.081870752
2831	0.08186989
2832	0.08186903
2833	0.08186817
2834	0.081867312
2835	0.081866455
2836	0.081865598
2837	0.081864743
2838	0.081863889
2839	0.081863036
2840	0.081862184
2841	0.081861333
2842	0.081860483
2843	0.081859634
2844	0.081858787
2845	0.08185794
2846	0.081857094
2847	0.081856249
2848	0.081855406
2849	0.081854563
2850	0.081853722
2851	0.081852881
2852	0.081852042
2853	0.081851203
2854	0.081850366
2855	0.08184953
2856	0.081848695
2857	0.08184786
2858	0.081847027
2859	0.081846195
2860	0.081845364
2861	0.081844534
2862	0.081843705
2863	0.081842877
2864	0.08184205
2865	0.081841224
2866	0.081840399
2867	0.081839575
2868	0.081838752
2869	0.08183793
2870	0.081837109
2871	0.081836289
2872	0.08183547
2873	0.081834653
