1	-9.397684e-08
2	-1.868783e-07
3	-2.7872091e-07
4	-3.6952091e-07
5	-4.5929421e-07
6	-5.4805641e-07
7	-6.3582282e-07
8	-7.2260846e-07
9	-8.0842805e-07
10	-8.9329604e-07
11	-9.7722662e-07
12	-1.0602337e-06
13	-1.1423309e-06
14	-1.2235317e-06
15	-1.3038492e-06
16	-1.3832963e-06
17	-1.4618856e-06
18	-1.5396297e-06
19	-1.6165407e-06
20	-1.6926306e-06
21	-1.7679112e-06
22	-1.8423941e-06
23	-1.9160905e-06
24	-1.9890117e-06
25	-2.0611686e-06
26	-2.132572e-06
27	-2.2032323e-06
28	-2.2731601e-06
29	-2.3423654e-06
30	-2.4108584e-06
31	-2.4786488e-06
32	-2.5457463e-06
33	-2.6121605e-06
34	-2.6779006e-06
35	-2.7429759e-06
36	-2.8073953e-06
37	-2.8711678e-06
38	-2.9343021e-06
39	-2.9968066e-06
40	-3.0586899e-06
41	-3.1199603e-06
42	-3.1806258e-06
43	-3.2406945e-06
44	-3.3001743e-06
45	-3.3590729e-06
46	-3.4173979e-06
47	-3.4751568e-06
48	-3.532357e-06
49	-3.5890057e-06
50	-3.6451101e-06
51	-3.7006772e-06
52	-3.7557138e-06
53	-3.8102268e-06
54	-3.8642229e-06
55	-3.9177085e-06
56	-3.9706903e-06
57	-4.0231745e-06
58	-4.0751674e-06
59	-4.1266751e-06
60	-4.1777039e-06
61	-4.2282595e-06
62	-4.2783479e-06
63	-4.3279749e-06
64	-4.3771462e-06
65	-4.4258674e-06
66	-4.4741439e-06
67	-4.5219814e-06
68	-4.569385e-06
69	-4.61636e-06
70	-4.6629118e-06
71	-4.7090453e-06
72	-4.7547656e-06
73	-4.8000776e-06
74	-4.8449863e-06
75	-4.8894965e-06
76	-4.9336128e-06
77	-4.97734e-06
78	-5.0206827e-06
79	-5.0636454e-06
80	-5.1062325e-06
81	-5.1484484e-06
82	-5.1902975e-06
83	-5.2317841e-06
84	-5.2729123e-06
85	-5.3136863e-06
86	-5.3541102e-06
87	-5.3941881e-06
88	-5.4339237e-06
89	-5.4733212e-06
90	-5.5123843e-06
91	-5.5511169e-06
92	-5.5895226e-06
93	-5.6276052e-06
94	-5.6653683e-06
95	-5.7028156e-06
96	-5.7399505e-06
97	-5.7767765e-06
98	-5.813297e-06
99	-5.8495156e-06
100	-5.8854354e-06
101	-5.9210598e-06
102	-5.9563921e-06
103	-5.9914354e-06
104	-6.026193e-06
105	-6.0606679e-06
106	-6.0948632e-06
107	-6.128782e-06
108	-6.1624271e-06
109	-6.1958017e-06
110	-6.2289086e-06
111	-6.2617507e-06
112	-6.2943308e-06
113	-6.3266517e-06
114	-6.3587162e-06
115	-6.3905269e-06
116	-6.4220866e-06
117	-6.453398e-06
118	-6.4844636e-06
119	-6.515286e-06
120	-6.5458678e-06
121	-6.5762114e-06
122	-6.6063194e-06
123	-6.6361943e-06
124	-6.6658383e-06
125	-6.695254e-06
126	-6.7244436e-06
127	-6.7534095e-06
128	-6.7821539e-06
129	-6.8106792e-06
130	-6.8389876e-06
131	-6.8670813e-06
132	-6.8949624e-06
133	-6.9226331e-06
134	-6.9500955e-06
135	-6.9773518e-06
136	-7.004404e-06
137	-7.0312541e-06
138	-7.0579041e-06
139	-7.0843561e-06
140	-7.110612e-06
141	-7.1366738e-06
142	-7.1625434e-06
143	-7.1882226e-06
144	-7.2137133e-06
145	-7.2390175e-06
146	-7.2641369e-06
147	-7.2890733e-06
148	-7.3138285e-06
149	-7.3384042e-06
150	-7.3628023e-06
151	-7.3870243e-06
152	-7.4110721e-06
153	-7.4349473e-06
154	-7.4586515e-06
155	-7.4821864e-06
156	-7.5055535e-06
157	-7.5287546e-06
158	-7.5517911e-06
159	-7.5746647e-06
160	-7.5973768e-06
161	-7.619929e-06
162	-7.6423228e-06
163	-7.6645597e-06
164	-7.6866411e-06
165	-7.7085686e-06
166	-7.7303434e-06
167	-7.7519671e-06
168	-7.7734411e-06
169	-7.7947667e-06
170	-7.8159452e-06
171	-7.8369782e-06
172	-7.8578668e-06
173	-7.8786125e-06
174	-7.8992164e-06
175	-7.91968e-06
176	-7.9400045e-06
177	-7.9601911e-06
178	-7.9802411e-06
179	-8.0001558e-06
180	-8.0199363e-06
181	-8.0395838e-06
182	-8.0590996e-06
183	-8.0784849e-06
184	-8.0977407e-06
185	-8.1168683e-06
186	-8.1358687e-06
187	-8.1547432e-06
188	-8.1734928e-06
189	-8.1921187e-06
190	-8.2106218e-06
191	-8.2290033e-06
192	-8.2472643e-06
193	-8.2654059e-06
194	-8.2834289e-06
195	-8.3013346e-06
196	-8.3191239e-06
197	-8.3367978e-06
198	-8.3543573e-06
199	-8.3718034e-06
200	-8.3891371e-06
201	-8.4063593e-06
202	-8.4234711e-06
203	-8.4404732e-06
204	-8.4573668e-06
205	-8.4741526e-06
206	-8.4908317e-06
207	-8.5074049e-06
208	-8.5238731e-06
209	-8.5402372e-06
210	-8.5564981e-06
211	-8.5726567e-06
212	-8.5887137e-06
213	-8.6046701e-06
214	-8.6205267e-06
215	-8.6362843e-06
216	-8.6519438e-06
217	-8.6675059e-06
218	-8.6829715e-06
219	-8.6983413e-06
220	-8.7136162e-06
221	-8.728797e-06
222	-8.7438843e-06
223	-8.758879e-06
224	-8.7737819e-06
225	-8.7885936e-06
226	-8.8033149e-06
227	-8.8179466e-06
228	-8.8324893e-06
229	-8.8469439e-06
230	-8.8613109e-06
231	-8.8755912e-06
232	-8.8897854e-06
233	-8.9038941e-06
234	-8.9179182e-06
235	-8.9318582e-06
236	-8.9457148e-06
237	-8.9594887e-06
238	-8.9731806e-06
239	-8.9867911e-06
240	-9.0003207e-06
241	-9.0137703e-06
242	-9.0271404e-06
243	-9.0404316e-06
244	-9.0536445e-06
245	-9.0667798e-06
246	-9.079838e-06
247	-9.0928199e-06
248	-9.1057258e-06
249	-9.1185565e-06
250	-9.1313126e-06
251	-9.1439945e-06
252	-9.1566029e-06
253	-9.1691384e-06
254	-9.1816015e-06
255	-9.1939927e-06
256	-9.2063126e-06
257	-9.2185617e-06
258	-9.2307407e-06
259	-9.2428499e-06
260	-9.25489e-06
261	-9.2668615e-06
262	-9.2787649e-06
263	-9.2906006e-06
264	-9.3023693e-06
265	-9.3140714e-06
266	-9.3257074e-06
267	-9.3372778e-06
268	-9.3487831e-06
269	-9.3602238e-06
270	-9.3716003e-06
271	-9.3829132e-06
272	-9.3941629e-06
273	-9.4053499e-06
274	-9.4164746e-06
275	-9.4275375e-06
276	-9.438539e-06
277	-9.4494797e-06
278	-9.4603599e-06
279	-9.4711801e-06
280	-9.4819407e-06
281	-9.4926421e-06
282	-9.5032849e-06
283	-9.5138694e-06
284	-9.524396e-06
285	-9.5348651e-06
286	-9.5452772e-06
287	-9.5556327e-06
288	-9.565932e-06
289	-9.5761755e-06
290	-9.5863635e-06
291	-9.5964966e-06
292	-9.606575e-06
293	-9.6165991e-06
294	-9.6265694e-06
295	-9.6364863e-06
296	-9.64635e-06
297	-9.656161e-06
298	-9.6659197e-06
299	-9.6756264e-06
300	-9.6852814e-06
301	-9.6948852e-06
302	-9.7044381e-06
303	-9.7139405e-06
304	-9.7233927e-06
305	-9.732795e-06
306	-9.7421479e-06
307	-9.7514516e-06
308	-9.7607064e-06
309	-9.7699128e-06
310	-9.7790711e-06
311	-9.7881815e-06
312	-9.7972445e-06
313	-9.8062603e-06
314	-9.8152292e-06
315	-9.8241517e-06
316	-9.8330279e-06
317	-9.8418583e-06
318	-9.8506431e-06
319	-9.8593826e-06
320	-9.8680771e-06
321	-9.876727e-06
322	-9.8853326e-06
323	-9.8938941e-06
324	-9.9024118e-06
325	-9.910886e-06
326	-9.9193171e-06
327	-9.9277053e-06
328	-9.9360509e-06
329	-9.9443541e-06
330	-9.9526153e-06
331	-9.9608348e-06
332	-9.9690127e-06
333	-9.9771495e-06
334	-9.9852453e-06
335	-9.9933004e-06
336	-1.0001315e-05
337	-1.000929e-05
338	-1.0017224e-05
339	-1.002512e-05
340	-1.0032975e-05
341	-1.0040792e-05
342	-1.004857e-05
343	-1.0056309e-05
344	-1.006401e-05
345	-1.0071673e-05
346	-1.0079297e-05
347	-1.0086885e-05
348	-1.0094435e-05
349	-1.0101948e-05
350	-1.0109423e-05
351	-1.0116863e-05
352	-1.0124266e-05
353	-1.0131632e-05
354	-1.0138963e-05
355	-1.0146258e-05
356	-1.0153517e-05
357	-1.0160741e-05
358	-1.0167931e-05
359	-1.0175085e-05
360	-1.0182205e-05
361	-1.018929e-05
362	-1.0196341e-05
363	-1.0203358e-05
364	-1.0210342e-05
365	-1.0217291e-05
366	-1.0224208e-05
367	-1.0231091e-05
368	-1.0237942e-05
369	-1.0244759e-05
370	-1.0251545e-05
371	-1.0258298e-05
372	-1.0265018e-05
373	-1.0271707e-05
374	-1.0278364e-05
375	-1.028499e-05
376	-1.0291584e-05
377	-1.0298147e-05
378	-1.030468e-05
379	-1.0311181e-05
380	-1.0317652e-05
381	-1.0324092e-05
382	-1.0330503e-05
383	-1.0336883e-05
384	-1.0343233e-05
385	-1.0349554e-05
386	-1.0355845e-05
387	-1.0362107e-05
388	-1.036834e-05
389	-1.0374544e-05
390	-1.0380719e-05
391	-1.0386865e-05
392	-1.0392983e-05
393	-1.0399073e-05
394	-1.0405135e-05
395	-1.0411169e-05
396	-1.0417175e-05
397	-1.0423153e-05
398	-1.0429104e-05
399	-1.0435027e-05
400	-1.0440924e-05
401	-1.0446793e-05
402	-1.0452636e-05
403	-1.0458452e-05
404	-1.0464242e-05
405	-1.0470005e-05
406	-1.0475742e-05
407	-1.0481453e-05
408	-1.0487139e-05
409	-1.0492798e-05
410	-1.0498432e-05
411	-1.050404e-05
412	-1.0509623e-05
413	-1.0515181e-05
414	-1.0520714e-05
415	-1.0526223e-05
416	-1.0531706e-05
417	-1.0537165e-05
418	-1.05426e-05
419	-1.054801e-05
420	-1.0553396e-05
421	-1.0558758e-05
422	-1.0564096e-05
423	-1.056941e-05
424	-1.0574701e-05
425	-1.0579969e-05
426	-1.0585213e-05
427	-1.0590433e-05
428	-1.0595631e-05
429	-1.0600806e-05
430	-1.0605958e-05
431	-1.0611087e-05
432	-1.0616194e-05
433	-1.0621278e-05
434	-1.062634e-05
435	-1.063138e-05
436	-1.0636397e-05
437	-1.0641393e-05
438	-1.0646367e-05
439	-1.0651319e-05
440	-1.065625e-05
441	-1.0661159e-05
442	-1.0666047e-05
443	-1.0670914e-05
444	-1.0675759e-05
445	-1.0680584e-05
446	-1.0685388e-05
447	-1.069017e-05
448	-1.0694933e-05
449	-1.0699674e-05
450	-1.0704396e-05
451	-1.0709097e-05
452	-1.0713777e-05
453	-1.0718438e-05
454	-1.0723079e-05
455	-1.07277e-05
456	-1.0732301e-05
457	-1.0736882e-05
458	-1.0741444e-05
459	-1.0745986e-05
460	-1.0750509e-05
461	-1.0755013e-05
462	-1.0759497e-05
463	-1.0763963e-05
464	-1.076841e-05
465	-1.0772837e-05
466	-1.0777247e-05
467	-1.0781637e-05
468	-1.0786009e-05
469	-1.0790362e-05
470	-1.0794697e-05
471	-1.0799014e-05
472	-1.0803313e-05
473	-1.0807593e-05
474	-1.0811856e-05
475	-1.0816101e-05
476	-1.0820328e-05
477	-1.0824537e-05
478	-1.0828729e-05
479	-1.0832903e-05
480	-1.083706e-05
481	-1.08412e-05
482	-1.0845322e-05
483	-1.0849427e-05
484	-1.0853515e-05
485	-1.0857586e-05
486	-1.0861641e-05
487	-1.0865678e-05
488	-1.0869699e-05
489	-1.0873703e-05
490	-1.0877691e-05
491	-1.0881662e-05
492	-1.0885617e-05
493	-1.0889556e-05
494	-1.0893478e-05
495	-1.0897384e-05
496	-1.0901275e-05
497	-1.0905149e-05
498	-1.0909007e-05
499	-1.091285e-05
500	-1.0916677e-05
501	-1.0920488e-05
502	-1.0924284e-05
503	-1.0928064e-05
504	-1.0931829e-05
505	-1.0935579e-05
506	-1.0939313e-05
507	-1.0943033e-05
508	-1.0946737e-05
509	-1.0950426e-05
510	-1.09541e-05
511	-1.0957759e-05
512	-1.0961404e-05
513	-1.0965034e-05
514	-1.0968649e-05
515	-1.097225e-05
516	-1.0975836e-05
517	-1.0979407e-05
518	-1.0982965e-05
519	-1.0986508e-05
520	-1.0990037e-05
521	-1.0993551e-05
522	-1.0997052e-05
523	-1.1000539e-05
524	-1.1004012e-05
525	-1.100747e-05
526	-1.1010915e-05
527	-1.1014347e-05
528	-1.1017764e-05
529	-1.1021169e-05
530	-1.1024559e-05
531	-1.1027936e-05
532	-1.10313e-05
533	-1.103465e-05
534	-1.1037987e-05
535	-1.1041311e-05
536	-1.1044622e-05
537	-1.104792e-05
538	-1.1051204e-05
539	-1.1054476e-05
540	-1.1057735e-05
541	-1.1060981e-05
542	-1.1064214e-05
543	-1.1067434e-05
544	-1.1070642e-05
545	-1.1073837e-05
546	-1.107702e-05
547	-1.108019e-05
548	-1.1083348e-05
549	-1.1086494e-05
550	-1.1089627e-05
551	-1.1092748e-05
552	-1.1095857e-05
553	-1.1098954e-05
554	-1.1102038e-05
555	-1.1105111e-05
556	-1.1108172e-05
557	-1.111122e-05
558	-1.1114257e-05
559	-1.1117283e-05
560	-1.1120296e-05
561	-1.1123298e-05
562	-1.1126288e-05
563	-1.1129267e-05
564	-1.1132234e-05
565	-1.1135189e-05
566	-1.1138134e-05
567	-1.1141067e-05
568	-1.1143988e-05
569	-1.1146899e-05
570	-1.1149798e-05
571	-1.1152686e-05
572	-1.1155563e-05
573	-1.1158429e-05
574	-1.1161284e-05
575	-1.1164128e-05
576	-1.1166961e-05
577	-1.1169783e-05
578	-1.1172595e-05
579	-1.1175395e-05
580	-1.1178186e-05
581	-1.1180965e-05
582	-1.1183734e-05
583	-1.1186492e-05
584	-1.118924e-05
585	-1.1191977e-05
586	-1.1194704e-05
587	-1.1197421e-05
588	-1.1200127e-05
589	-1.1202823e-05
590	-1.1205509e-05
591	-1.1208185e-05
592	-1.1210851e-05
593	-1.1213506e-05
594	-1.1216152e-05
595	-1.1218787e-05
596	-1.1221413e-05
597	-1.1224028e-05
598	-1.1226634e-05
599	-1.122923e-05
600	-1.1231816e-05
601	-1.1234393e-05
602	-1.123696e-05
603	-1.1239517e-05
604	-1.1242065e-05
605	-1.1244603e-05
606	-1.1247131e-05
607	-1.124965e-05
608	-1.125216e-05
609	-1.125466e-05
610	-1.1257151e-05
611	-1.1259633e-05
612	-1.1262105e-05
613	-1.1264569e-05
614	-1.1267023e-05
615	-1.1269468e-05
616	-1.1271903e-05
617	-1.127433e-05
618	-1.1276748e-05
619	-1.1279157e-05
620	-1.1281557e-05
621	-1.1283948e-05
622	-1.128633e-05
623	-1.1288703e-05
624	-1.1291067e-05
625	-1.1293423e-05
626	-1.129577e-05
627	-1.1298108e-05
628	-1.1300438e-05
629	-1.1302759e-05
630	-1.1305072e-05
631	-1.1307376e-05
632	-1.1309672e-05
633	-1.1311959e-05
634	-1.1314238e-05
635	-1.1316508e-05
636	-1.131877e-05
637	-1.1321024e-05
638	-1.1323269e-05
639	-1.1325506e-05
640	-1.1327735e-05
641	-1.1329956e-05
642	-1.1332169e-05
643	-1.1334374e-05
644	-1.133657e-05
645	-1.1338759e-05
646	-1.1340939e-05
647	-1.1343112e-05
648	-1.1345277e-05
649	-1.1347434e-05
650	-1.1349583e-05
651	-1.1351724e-05
652	-1.1353857e-05
653	-1.1355983e-05
654	-1.1358101e-05
655	-1.1360211e-05
656	-1.1362314e-05
657	-1.1364408e-05
658	-1.1366496e-05
659	-1.1368576e-05
660	-1.1370648e-05
661	-1.1372713e-05
662	-1.137477e-05
663	-1.137682e-05
664	-1.1378862e-05
665	-1.1380897e-05
666	-1.1382925e-05
667	-1.1384946e-05
668	-1.1386959e-05
669	-1.1388965e-05
670	-1.1390963e-05
671	-1.1392955e-05
672	-1.1394939e-05
673	-1.1396916e-05
674	-1.1398886e-05
675	-1.140085e-05
676	-1.1402806e-05
677	-1.1404754e-05
678	-1.1406696e-05
679	-1.1408632e-05
680	-1.141056e-05
681	-1.1412481e-05
682	-1.1414395e-05
683	-1.1416303e-05
684	-1.1418203e-05
685	-1.1420097e-05
686	-1.1421984e-05
687	-1.1423865e-05
688	-1.1425739e-05
689	-1.1427606e-05
690	-1.1429466e-05
691	-1.143132e-05
692	-1.1433167e-05
693	-1.1435007e-05
694	-1.1436841e-05
695	-1.1438669e-05
696	-1.144049e-05
697	-1.1442305e-05
698	-1.1444113e-05
699	-1.1445915e-05
700	-1.144771e-05
701	-1.1449499e-05
702	-1.1451282e-05
703	-1.1453058e-05
704	-1.1454828e-05
705	-1.1456592e-05
706	-1.1458349e-05
707	-1.1460101e-05
708	-1.1461846e-05
709	-1.1463585e-05
710	-1.1465318e-05
711	-1.1467045e-05
712	-1.1468766e-05
713	-1.147048e-05
714	-1.1472189e-05
715	-1.1473891e-05
716	-1.1475588e-05
717	-1.1477279e-05
718	-1.1478964e-05
719	-1.1480642e-05
720	-1.1482315e-05
721	-1.1483982e-05
722	-1.1485644e-05
723	-1.1487299e-05
724	-1.1488949e-05
725	-1.1490592e-05
726	-1.149223e-05
727	-1.1493863e-05
728	-1.1495489e-05
729	-1.149711e-05
730	-1.1498726e-05
731	-1.1500335e-05
732	-1.1501939e-05
733	-1.1503538e-05
734	-1.150513e-05
735	-1.1506718e-05
736	-1.15083e-05
737	-1.1509876e-05
738	-1.1511447e-05
739	-1.1513012e-05
740	-1.1514572e-05
741	-1.1516126e-05
742	-1.1517675e-05
743	-1.1519219e-05
744	-1.1520757e-05
745	-1.152229e-05
746	-1.1523818e-05
747	-1.152534e-05
748	-1.1526857e-05
749	-1.1528369e-05
750	-1.1529875e-05
751	-1.1531377e-05
752	-1.1532873e-05
753	-1.1534364e-05
754	-1.153585e-05
755	-1.153733e-05
756	-1.1538806e-05
757	-1.1540276e-05
758	-1.1541742e-05
759	-1.1543202e-05
760	-1.1544657e-05
761	-1.1546108e-05
762	-1.1547553e-05
763	-1.1548993e-05
764	-1.1550429e-05
765	-1.1551859e-05
766	-1.1553285e-05
767	-1.1554705e-05
768	-1.1556121e-05
769	-1.1557532e-05
770	-1.1558938e-05
771	-1.1560339e-05
772	-1.1561735e-05
773	-1.1563127e-05
774	-1.1564513e-05
775	-1.1565895e-05
776	-1.1567273e-05
777	-1.1568645e-05
778	-1.1570013e-05
779	-1.1571376e-05
780	-1.1572735e-05
781	-1.1574089e-05
782	-1.1575438e-05
783	-1.1576782e-05
784	-1.1578122e-05
785	-1.1579458e-05
786	-1.1580789e-05
787	-1.1582115e-05
788	-1.1583437e-05
789	-1.1584754e-05
790	-1.1586067e-05
791	-1.1587375e-05
792	-1.1588679e-05
793	-1.1589979e-05
794	-1.1591274e-05
795	-1.1592564e-05
796	-1.159385e-05
797	-1.1595132e-05
798	-1.159641e-05
799	-1.1597683e-05
800	-1.1598952e-05
801	-1.1600216e-05
802	-1.1601476e-05
803	-1.1602732e-05
804	-1.1603984e-05
805	-1.1605231e-05
806	-1.1606474e-05
807	-1.1607713e-05
808	-1.1608948e-05
809	-1.1610179e-05
810	-1.1611405e-05
811	-1.1612627e-05
812	-1.1613845e-05
813	-1.1615059e-05
814	-1.1616269e-05
815	-1.1617475e-05
816	-1.1618677e-05
817	-1.1619874e-05
818	-1.1621068e-05
819	-1.1622258e-05
820	-1.1623443e-05
821	-1.1624625e-05
822	-1.1625802e-05
823	-1.1626976e-05
824	-1.1628145e-05
825	-1.1629311e-05
826	-1.1630473e-05
827	-1.1631631e-05
828	-1.1632785e-05
829	-1.1633935e-05
830	-1.1635081e-05
831	-1.1636223e-05
832	-1.1637362e-05
833	-1.1638497e-05
834	-1.1639627e-05
835	-1.1640754e-05
836	-1.1641878e-05
837	-1.1642997e-05
838	-1.1644113e-05
839	-1.1645225e-05
840	-1.1646333e-05
841	-1.1647438e-05
842	-1.1648539e-05
843	-1.1649636e-05
844	-1.1650729e-05
845	-1.1651819e-05
846	-1.1652905e-05
847	-1.1653988e-05
848	-1.1655067e-05
849	-1.1656142e-05
850	-1.1657214e-05
851	-1.1658282e-05
852	-1.1659346e-05
853	-1.1660407e-05
854	-1.1661465e-05
855	-1.1662519e-05
856	-1.1663569e-05
857	-1.1664616e-05
858	-1.1665659e-05
859	-1.1666699e-05
860	-1.1667735e-05
861	-1.1668768e-05
862	-1.1669798e-05
863	-1.1670824e-05
864	-1.1671847e-05
865	-1.1672866e-05
866	-1.1673882e-05
867	-1.1674894e-05
868	-1.1675903e-05
869	-1.1676909e-05
870	-1.1677912e-05
871	-1.1678911e-05
872	-1.1679906e-05
873	-1.1680899e-05
874	-1.1681888e-05
875	-1.1682874e-05
876	-1.1683857e-05
877	-1.1684836e-05
878	-1.1685812e-05
879	-1.1686785e-05
880	-1.1687754e-05
881	-1.1688721e-05
882	-1.1689684e-05
883	-1.1690644e-05
884	-1.1691601e-05
885	-1.1692554e-05
886	-1.1693505e-05
887	-1.1694452e-05
888	-1.1695396e-05
889	-1.1696337e-05
890	-1.1697275e-05
891	-1.169821e-05
892	-1.1699142e-05
893	-1.1700071e-05
894	-1.1700996e-05
895	-1.1701919e-05
896	-1.1702838e-05
897	-1.1703755e-05
898	-1.1704668e-05
899	-1.1705578e-05
900	-1.1706486e-05
901	-1.170739e-05
902	-1.1708292e-05
903	-1.170919e-05
904	-1.1710086e-05
905	-1.1710978e-05
906	-1.1711868e-05
907	-1.1712754e-05
908	-1.1713638e-05
909	-1.1714519e-05
910	-1.1715397e-05
911	-1.1716272e-05
912	-1.1717144e-05
913	-1.1718013e-05
914	-1.171888e-05
915	-1.1719743e-05
916	-1.1720604e-05
917	-1.1721462e-05
918	-1.1722317e-05
919	-1.1723169e-05
920	-1.1724018e-05
921	-1.1724865e-05
922	-1.1725709e-05
923	-1.172655e-05
924	-1.1727388e-05
925	-1.1728224e-05
926	-1.1729057e-05
927	-1.1729887e-05
928	-1.1730714e-05
929	-1.1731539e-05
930	-1.1732361e-05
931	-1.173318e-05
932	-1.1733997e-05
933	-1.1734811e-05
934	-1.1735622e-05
935	-1.1736431e-05
936	-1.1737236e-05
937	-1.173804e-05
938	-1.173884e-05
939	-1.1739638e-05
940	-1.1740434e-05
941	-1.1741227e-05
942	-1.1742017e-05
943	-1.1742805e-05
944	-1.174359e-05
945	-1.1744372e-05
946	-1.1745152e-05
947	-1.1745929e-05
948	-1.1746704e-05
949	-1.1747477e-05
950	-1.1748246e-05
951	-1.1749014e-05
952	-1.1749779e-05
953	-1.1750541e-05
954	-1.1751301e-05
955	-1.1752058e-05
956	-1.1752813e-05
957	-1.1753565e-05
958	-1.1754315e-05
959	-1.1755063e-05
960	-1.1755808e-05
961	-1.175655e-05
962	-1.175729e-05
963	-1.1758028e-05
964	-1.1758764e-05
965	-1.1759497e-05
966	-1.1760227e-05
967	-1.1760955e-05
968	-1.1761681e-05
969	-1.1762405e-05
970	-1.1763126e-05
971	-1.1763845e-05
972	-1.1764561e-05
973	-1.1765275e-05
974	-1.1765987e-05
975	-1.1766696e-05
976	-1.1767404e-05
977	-1.1768109e-05
978	-1.1768811e-05
979	-1.1769511e-05
980	-1.1770209e-05
981	-1.1770905e-05
982	-1.1771599e-05
983	-1.177229e-05
984	-1.1772979e-05
985	-1.1773666e-05
986	-1.177435e-05
987	-1.1775033e-05
988	-1.1775713e-05
989	-1.1776391e-05
990	-1.1777066e-05
991	-1.177774e-05
992	-1.1778411e-05
993	-1.177908e-05
994	-1.1779747e-05
995	-1.1780412e-05
996	-1.1781075e-05
997	-1.1781735e-05
998	-1.1782394e-05
999	-1.178305e-05
1000	-1.1783704e-05
1001	-1.1784356e-05
1002	-1.1785006e-05
1003	-1.1785654e-05
1004	-1.1786299e-05
1005	-1.1786943e-05
1006	-1.1787585e-05
1007	-1.1788224e-05
1008	-1.1788861e-05
1009	-1.1789497e-05
1010	-1.179013e-05
1011	-1.1790761e-05
1012	-1.179139e-05
1013	-1.1792018e-05
1014	-1.1792643e-05
1015	-1.1793266e-05
1016	-1.1793887e-05
1017	-1.1794506e-05
1018	-1.1795123e-05
1019	-1.1795738e-05
1020	-1.1796351e-05
1021	-1.1796962e-05
1022	-1.1797572e-05
1023	-1.1798179e-05
1024	-1.1798784e-05
1025	-1.1799387e-05
1026	-1.1799989e-05
1027	-1.1800588e-05
1028	-1.1801186e-05
1029	-1.1801781e-05
1030	-1.1802375e-05
1031	-1.1802966e-05
1032	-1.1803556e-05
1033	-1.1804144e-05
1034	-1.180473e-05
1035	-1.1805314e-05
1036	-1.1805896e-05
1037	-1.1806477e-05
1038	-1.1807055e-05
1039	-1.1807632e-05
1040	-1.1808207e-05
1041	-1.180878e-05
1042	-1.1809351e-05
1043	-1.180992e-05
1044	-1.1810487e-05
1045	-1.1811053e-05
1046	-1.1811617e-05
1047	-1.1812179e-05
1048	-1.1812739e-05
1049	-1.1813297e-05
1050	-1.1813854e-05
1051	-1.1814409e-05
1052	-1.1814962e-05
1053	-1.1815513e-05
1054	-1.1816062e-05
1055	-1.181661e-05
1056	-1.1817156e-05
1057	-1.18177e-05
1058	-1.1818243e-05
1059	-1.1818783e-05
1060	-1.1819322e-05
1061	-1.1819859e-05
1062	-1.1820395e-05
1063	-1.1820929e-05
1064	-1.1821461e-05
1065	-1.1821991e-05
1066	-1.182252e-05
1067	-1.1823047e-05
1068	-1.1823572e-05
1069	-1.1824096e-05
1070	-1.1824618e-05
1071	-1.1825138e-05
1072	-1.1825656e-05
1073	-1.1826173e-05
1074	-1.1826689e-05
1075	-1.1827202e-05
1076	-1.1827714e-05
1077	-1.1828224e-05
1078	-1.1828733e-05
1079	-1.182924e-05
1080	-1.1829746e-05
1081	-1.1830249e-05
1082	-1.1830752e-05
1083	-1.1831252e-05
1084	-1.1831751e-05
1085	-1.1832249e-05
1086	-1.1832744e-05
1087	-1.1833239e-05
1088	-1.1833731e-05
1089	-1.1834222e-05
1090	-1.1834712e-05
1091	-1.18352e-05
1092	-1.1835686e-05
1093	-1.1836171e-05
1094	-1.1836654e-05
1095	-1.1837136e-05
1096	-1.1837616e-05
1097	-1.1838095e-05
1098	-1.1838572e-05
1099	-1.1839048e-05
1100	-1.1839522e-05
1101	-1.1839994e-05
1102	-1.1840465e-05
1103	-1.1840935e-05
1104	-1.1841403e-05
1105	-1.1841869e-05
1106	-1.1842334e-05
1107	-1.1842798e-05
1108	-1.184326e-05
1109	-1.1843721e-05
1110	-1.184418e-05
1111	-1.1844638e-05
1112	-1.1845094e-05
1113	-1.1845549e-05
1114	-1.1846002e-05
1115	-1.1846454e-05
1116	-1.1846904e-05
1117	-1.1847353e-05
1118	-1.1847801e-05
1119	-1.1848247e-05
1120	-1.1848692e-05
1121	-1.1849135e-05
1122	-1.1849577e-05
1123	-1.1850017e-05
1124	-1.1850456e-05
1125	-1.1850894e-05
1126	-1.185133e-05
1127	-1.1851765e-05
1128	-1.1852199e-05
1129	-1.1852631e-05
1130	-1.1853062e-05
1131	-1.1853491e-05
1132	-1.1853919e-05
1133	-1.1854346e-05
1134	-1.1854771e-05
1135	-1.1855195e-05
1136	-1.1855618e-05
1137	-1.1856039e-05
1138	-1.1856459e-05
1139	-1.1856877e-05
1140	-1.1857295e-05
1141	-1.1857711e-05
1142	-1.1858125e-05
1143	-1.1858539e-05
1144	-1.185895e-05
1145	-1.1859361e-05
1146	-1.185977e-05
1147	-1.1860179e-05
1148	-1.1860585e-05
1149	-1.1860991e-05
1150	-1.1861395e-05
1151	-1.1861798e-05
1152	-1.1862199e-05
1153	-1.18626e-05
1154	-1.1862999e-05
1155	-1.1863397e-05
1156	-1.1863793e-05
1157	-1.1864188e-05
1158	-1.1864582e-05
1159	-1.1864975e-05
1160	-1.1865367e-05
1161	-1.1865757e-05
1162	-1.1866146e-05
1163	-1.1866534e-05
1164	-1.186692e-05
1165	-1.1867306e-05
1166	-1.186769e-05
1167	-1.1868073e-05
1168	-1.1868454e-05
1169	-1.1868835e-05
1170	-1.1869214e-05
1171	-1.1869592e-05
1172	-1.1869969e-05
1173	-1.1870345e-05
1174	-1.1870719e-05
1175	-1.1871093e-05
1176	-1.1871465e-05
1177	-1.1871836e-05
1178	-1.1872205e-05
1179	-1.1872574e-05
1180	-1.1872941e-05
1181	-1.1873308e-05
1182	-1.1873673e-05
1183	-1.1874037e-05
1184	-1.1874399e-05
1185	-1.1874761e-05
1186	-1.1875121e-05
1187	-1.1875481e-05
1188	-1.1875839e-05
1189	-1.1876196e-05
1190	-1.1876552e-05
1191	-1.1876907e-05
1192	-1.187726e-05
1193	-1.1877613e-05
1194	-1.1877965e-05
1195	-1.1878315e-05
1196	-1.1878664e-05
1197	-1.1879012e-05
1198	-1.1879359e-05
1199	-1.1879705e-05
1200	-1.188005e-05
1201	-1.1880394e-05
1202	-1.1880736e-05
1203	-1.1881078e-05
1204	-1.1881418e-05
1205	-1.1881758e-05
1206	-1.1882096e-05
1207	-1.1882433e-05
1208	-1.188277e-05
1209	-1.1883105e-05
1210	-1.1883439e-05
1211	-1.1883772e-05
1212	-1.1884104e-05
1213	-1.1884435e-05
1214	-1.1884765e-05
1215	-1.1885093e-05
1216	-1.1885421e-05
1217	-1.1885748e-05
1218	-1.1886074e-05
1219	-1.1886398e-05
1220	-1.1886722e-05
1221	-1.1887045e-05
1222	-1.1887366e-05
1223	-1.1887687e-05
1224	-1.1888006e-05
1225	-1.1888325e-05
1226	-1.1888643e-05
1227	-1.1888959e-05
1228	-1.1889275e-05
1229	-1.1889589e-05
1230	-1.1889903e-05
1231	-1.1890216e-05
1232	-1.1890527e-05
1233	-1.1890838e-05
1234	-1.1891147e-05
1235	-1.1891456e-05
1236	-1.1891764e-05
1237	-1.1892071e-05
1238	-1.1892376e-05
1239	-1.1892681e-05
1240	-1.1892985e-05
1241	-1.1893288e-05
1242	-1.189359e-05
1243	-1.1893891e-05
1244	-1.1894191e-05
1245	-1.189449e-05
1246	-1.1894788e-05
1247	-1.1895085e-05
1248	-1.1895381e-05
1249	-1.1895677e-05
1250	-1.1895971e-05
1251	-1.1896264e-05
1252	-1.1896557e-05
1253	-1.1896849e-05
1254	-1.1897139e-05
1255	-1.1897429e-05
1256	-1.1897718e-05
1257	-1.1898006e-05
1258	-1.1898293e-05
1259	-1.1898579e-05
1260	-1.1898864e-05
1261	-1.1899148e-05
1262	-1.1899432e-05
1263	-1.1899714e-05
1264	-1.1899996e-05
1265	-1.1900277e-05
1266	-1.1900557e-05
1267	-1.1900836e-05
1268	-1.1901114e-05
1269	-1.1901391e-05
1270	-1.1901667e-05
1271	-1.1901943e-05
1272	-1.1902218e-05
1273	-1.1902491e-05
1274	-1.1902764e-05
1275	-1.1903036e-05
1276	-1.1903307e-05
1277	-1.1903578e-05
1278	-1.1903847e-05
1279	-1.1904116e-05
1280	-1.1904384e-05
1281	-1.1904651e-05
1282	-1.1904917e-05
1283	-1.1905182e-05
1284	-1.1905446e-05
1285	-1.190571e-05
1286	-1.1905973e-05
1287	-1.1906235e-05
1288	-1.1906496e-05
1289	-1.1906756e-05
1290	-1.1907016e-05
1291	-1.1907274e-05
1292	-1.1907532e-05
1293	-1.1907789e-05
1294	-1.1908045e-05
1295	-1.1908301e-05
1296	-1.1908556e-05
1297	-1.1908809e-05
1298	-1.1909062e-05
1299	-1.1909315e-05
1300	-1.1909566e-05
1301	-1.1909817e-05
1302	-1.1910067e-05
1303	-1.1910316e-05
1304	-1.1910564e-05
1305	-1.1910811e-05
1306	-1.1911058e-05
1307	-1.1911304e-05
1308	-1.1911549e-05
1309	-1.1911794e-05
1310	-1.1912037e-05
1311	-1.191228e-05
1312	-1.1912522e-05
1313	-1.1912764e-05
1314	-1.1913004e-05
1315	-1.1913244e-05
1316	-1.1913483e-05
1317	-1.1913721e-05
1318	-1.1913959e-05
1319	-1.1914196e-05
1320	-1.1914432e-05
1321	-1.1914667e-05
1322	-1.1914902e-05
1323	-1.1915136e-05
1324	-1.1915369e-05
1325	-1.1915601e-05
1326	-1.1915833e-05
1327	-1.1916064e-05
1328	-1.1916294e-05
1329	-1.1916524e-05
1330	-1.1916753e-05
1331	-1.1916981e-05
1332	-1.1917208e-05
1333	-1.1917435e-05
1334	-1.191766e-05
1335	-1.1917886e-05
1336	-1.191811e-05
1337	-1.1918334e-05
1338	-1.1918557e-05
1339	-1.191878e-05
1340	-1.1919001e-05
1341	-1.1919222e-05
1342	-1.1919443e-05
1343	-1.1919662e-05
1344	-1.1919881e-05
1345	-1.1920099e-05
1346	-1.1920317e-05
1347	-1.1920534e-05
1348	-1.192075e-05
1349	-1.1920965e-05
1350	-1.192118e-05
1351	-1.1921394e-05
1352	-1.1921608e-05
1353	-1.1921821e-05
1354	-1.1922033e-05
1355	-1.1922244e-05
1356	-1.1922455e-05
1357	-1.1922665e-05
1358	-1.1922875e-05
1359	-1.1923084e-05
1360	-1.1923292e-05
1361	-1.19235e-05
1362	-1.1923706e-05
1363	-1.1923913e-05
1364	-1.1924118e-05
1365	-1.1924323e-05
1366	-1.1924528e-05
1367	-1.1924731e-05
1368	-1.1924934e-05
1369	-1.1925137e-05
1370	-1.1925338e-05
1371	-1.192554e-05
1372	-1.192574e-05
1373	-1.192594e-05
1374	-1.1926139e-05
1375	-1.1926338e-05
1376	-1.1926536e-05
1377	-1.1926733e-05
1378	-1.192693e-05
1379	-1.1927126e-05
1380	-1.1927322e-05
1381	-1.1927517e-05
1382	-1.1927711e-05
1383	-1.1927905e-05
1384	-1.1928098e-05
1385	-1.192829e-05
1386	-1.1928482e-05
1387	-1.1928673e-05
1388	-1.1928864e-05
1389	-1.1929054e-05
1390	-1.1929244e-05
1391	-1.1929433e-05
1392	-1.1929621e-05
1393	-1.1929809e-05
1394	-1.1929996e-05
1395	-1.1930182e-05
1396	-1.1930368e-05
1397	-1.1930554e-05
1398	-1.1930738e-05
1399	-1.1930923e-05
1400	-1.1931106e-05
1401	-1.1931289e-05
1402	-1.1931472e-05
1403	-1.1931654e-05
1404	-1.1931835e-05
1405	-1.1932016e-05
1406	-1.1932196e-05
1407	-1.1932376e-05
1408	-1.1932555e-05
1409	-1.1932733e-05
1410	-1.1932911e-05
1411	-1.1933089e-05
1412	-1.1933266e-05
1413	-1.1933442e-05
1414	-1.1933618e-05
1415	-1.1933793e-05
1416	-1.1933967e-05
1417	-1.1934142e-05
1418	-1.1934315e-05
1419	-1.1934488e-05
1420	-1.1934661e-05
1421	-1.1934833e-05
1422	-1.1935004e-05
1423	-1.1935175e-05
1424	-1.1935345e-05
1425	-1.1935515e-05
1426	-1.1935684e-05
1427	-1.1935853e-05
1428	-1.1936021e-05
1429	-1.1936189e-05
1430	-1.1936356e-05
1431	-1.1936523e-05
1432	-1.1936689e-05
1433	-1.1936854e-05
1434	-1.193702e-05
1435	-1.1937184e-05
1436	-1.1937348e-05
1437	-1.1937512e-05
1438	-1.1937675e-05
1439	-1.1937837e-05
1440	-1.1937999e-05
1441	-1.1938161e-05
1442	-1.1938322e-05
1443	-1.1938482e-05
1444	-1.1938642e-05
1445	-1.1938802e-05
1446	-1.1938961e-05
1447	-1.1939119e-05
1448	-1.1939277e-05
1449	-1.1939435e-05
1450	-1.1939592e-05
1451	-1.1939748e-05
1452	-1.1939904e-05
1453	-1.194006e-05
1454	-1.1940215e-05
1455	-1.1940369e-05
1456	-1.1940524e-05
1457	-1.1940677e-05
1458	-1.194083e-05
1459	-1.1940983e-05
1460	-1.1941135e-05
1461	-1.1941287e-05
1462	-1.1941438e-05
1463	-1.1941589e-05
1464	-1.1941739e-05
1465	-1.1941889e-05
1466	-1.1942038e-05
1467	-1.1942187e-05
1468	-1.1942336e-05
1469	-1.1942484e-05
1470	-1.1942631e-05
1471	-1.1942778e-05
1472	-1.1942925e-05
1473	-1.1943071e-05
1474	-1.1943216e-05
1475	-1.1943362e-05
1476	-1.1943506e-05
1477	-1.1943651e-05
1478	-1.1943794e-05
1479	-1.1943938e-05
1480	-1.1944081e-05
1481	-1.1944223e-05
1482	-1.1944365e-05
1483	-1.1944507e-05
1484	-1.1944648e-05
1485	-1.1944789e-05
1486	-1.1944929e-05
1487	-1.1945069e-05
1488	-1.1945208e-05
1489	-1.1945347e-05
1490	-1.1945486e-05
1491	-1.1945624e-05
1492	-1.1945762e-05
1493	-1.1945899e-05
1494	-1.1946036e-05
1495	-1.1946172e-05
1496	-1.1946308e-05
1497	-1.1946444e-05
1498	-1.1946579e-05
1499	-1.1946714e-05
1500	-1.1946848e-05
1501	-1.1946982e-05
1502	-1.1947115e-05
1503	-1.1947248e-05
1504	-1.1947381e-05
1505	-1.1947513e-05
1506	-1.1947645e-05
1507	-1.1947776e-05
1508	-1.1947907e-05
1509	-1.1948038e-05
1510	-1.1948168e-05
1511	-1.1948298e-05
1512	-1.1948427e-05
1513	-1.1948556e-05
1514	-1.1948684e-05
1515	-1.1948813e-05
1516	-1.194894e-05
1517	-1.1949068e-05
1518	-1.1949195e-05
1519	-1.1949321e-05
1520	-1.1949447e-05
1521	-1.1949573e-05
1522	-1.1949698e-05
1523	-1.1949823e-05
1524	-1.1949948e-05
1525	-1.1950072e-05
1526	-1.1950196e-05
1527	-1.1950319e-05
1528	-1.1950442e-05
1529	-1.1950565e-05
1530	-1.1950687e-05
1531	-1.1950809e-05
1532	-1.1950931e-05
1533	-1.1951052e-05
1534	-1.1951172e-05
1535	-1.1951293e-05
1536	-1.1951413e-05
1537	-1.1951532e-05
1538	-1.1951652e-05
1539	-1.1951771e-05
1540	-1.1951889e-05
1541	-1.1952007e-05
1542	-1.1952125e-05
1543	-1.1952242e-05
1544	-1.1952359e-05
1545	-1.1952476e-05
1546	-1.1952592e-05
1547	-1.1952708e-05
1548	-1.1952824e-05
1549	-1.1952939e-05
1550	-1.1953054e-05
1551	-1.1953169e-05
1552	-1.1953283e-05
1553	-1.1953396e-05
1554	-1.195351e-05
1555	-1.1953623e-05
1556	-1.1953736e-05
1557	-1.1953848e-05
1558	-1.195396e-05
1559	-1.1954072e-05
1560	-1.1954183e-05
1561	-1.1954294e-05
1562	-1.1954405e-05
1563	-1.1954515e-05
1564	-1.1954625e-05
1565	-1.1954735e-05
1566	-1.1954844e-05
1567	-1.1954953e-05
1568	-1.1955061e-05
1569	-1.195517e-05
1570	-1.1955278e-05
1571	-1.1955385e-05
1572	-1.1955492e-05
1573	-1.1955599e-05
1574	-1.1955706e-05
1575	-1.1955812e-05
1576	-1.1955918e-05
1577	-1.1956024e-05
1578	-1.1956129e-05
1579	-1.1956234e-05
1580	-1.1956338e-05
1581	-1.1956443e-05
1582	-1.1956547e-05
1583	-1.195665e-05
1584	-1.1956753e-05
1585	-1.1956856e-05
1586	-1.1956959e-05
1587	-1.1957061e-05
1588	-1.1957163e-05
1589	-1.1957265e-05
1590	-1.1957367e-05
1591	-1.1957468e-05
1592	-1.1957568e-05
1593	-1.1957669e-05
1594	-1.1957769e-05
1595	-1.1957869e-05
1596	-1.1957968e-05
1597	-1.1958067e-05
1598	-1.1958166e-05
1599	-1.1958265e-05
1600	-1.1958363e-05
1601	-1.1958461e-05
1602	-1.1958559e-05
1603	-1.1958656e-05
1604	-1.1958753e-05
1605	-1.195885e-05
1606	-1.1958946e-05
1607	-1.1959042e-05
1608	-1.1959138e-05
1609	-1.1959234e-05
1610	-1.1959329e-05
1611	-1.1959424e-05
1612	-1.1959519e-05
1613	-1.1959613e-05
1614	-1.1959707e-05
1615	-1.1959801e-05
1616	-1.1959894e-05
1617	-1.1959988e-05
1618	-1.1960081e-05
1619	-1.1960173e-05
1620	-1.1960265e-05
1621	-1.1960357e-05
1622	-1.1960449e-05
1623	-1.1960541e-05
1624	-1.1960632e-05
1625	-1.1960723e-05
1626	-1.1960813e-05
1627	-1.1960904e-05
1628	-1.1960994e-05
1629	-1.1961084e-05
1630	-1.1961173e-05
1631	-1.1961262e-05
1632	-1.1961351e-05
1633	-1.196144e-05
1634	-1.1961528e-05
1635	-1.1961616e-05
1636	-1.1961704e-05
1637	-1.1961792e-05
1638	-1.1961879e-05
1639	-1.1961966e-05
1640	-1.1962053e-05
1641	-1.1962139e-05
1642	-1.1962225e-05
1643	-1.1962311e-05
1644	-1.1962397e-05
1645	-1.1962482e-05
1646	-1.1962568e-05
1647	-1.1962652e-05
1648	-1.1962737e-05
1649	-1.1962821e-05
1650	-1.1962906e-05
1651	-1.1962989e-05
1652	-1.1963073e-05
1653	-1.1963156e-05
1654	-1.1963239e-05
1655	-1.1963322e-05
1656	-1.1963405e-05
1657	-1.1963487e-05
1658	-1.1963569e-05
1659	-1.1963651e-05
1660	-1.1963732e-05
1661	-1.1963813e-05
1662	-1.1963894e-05
1663	-1.1963975e-05
1664	-1.1964056e-05
1665	-1.1964136e-05
1666	-1.1964216e-05
1667	-1.1964296e-05
1668	-1.1964375e-05
1669	-1.1964454e-05
1670	-1.1964533e-05
1671	-1.1964612e-05
1672	-1.1964691e-05
1673	-1.1964769e-05
1674	-1.1964847e-05
1675	-1.1964925e-05
1676	-1.1965002e-05
1677	-1.1965079e-05
1678	-1.1965156e-05
1679	-1.1965233e-05
1680	-1.196531e-05
1681	-1.1965386e-05
1682	-1.1965462e-05
1683	-1.1965538e-05
1684	-1.1965614e-05
1685	-1.1965689e-05
1686	-1.1965764e-05
1687	-1.1965839e-05
1688	-1.1965914e-05
1689	-1.1965988e-05
1690	-1.1966063e-05
1691	-1.1966137e-05
1692	-1.196621e-05
1693	-1.1966284e-05
1694	-1.1966357e-05
1695	-1.196643e-05
1696	-1.1966503e-05
1697	-1.1966576e-05
1698	-1.1966648e-05
1699	-1.196672e-05
1700	-1.1966792e-05
1701	-1.1966864e-05
1702	-1.1966936e-05
1703	-1.1967007e-05
1704	-1.1967078e-05
1705	-1.1967149e-05
1706	-1.1967219e-05
1707	-1.196729e-05
1708	-1.196736e-05
1709	-1.196743e-05
1710	-1.19675e-05
1711	-1.1967569e-05
1712	-1.1967639e-05
1713	-1.1967708e-05
1714	-1.1967777e-05
1715	-1.1967845e-05
1716	-1.1967914e-05
1717	-1.1967982e-05
1718	-1.196805e-05
1719	-1.1968118e-05
1720	-1.1968185e-05
1721	-1.1968253e-05
1722	-1.196832e-05
1723	-1.1968387e-05
1724	-1.1968454e-05
1725	-1.196852e-05
1726	-1.1968587e-05
1727	-1.1968653e-05
1728	-1.1968719e-05
1729	-1.1968784e-05
1730	-1.196885e-05
1731	-1.1968915e-05
1732	-1.196898e-05
1733	-1.1969045e-05
1734	-1.196911e-05
1735	-1.1969175e-05
1736	-1.1969239e-05
1737	-1.1969303e-05
1738	-1.1969367e-05
1739	-1.1969431e-05
1740	-1.1969494e-05
1741	-1.1969558e-05
1742	-1.1969621e-05
1743	-1.1969684e-05
1744	-1.1969746e-05
1745	-1.1969809e-05
1746	-1.1969871e-05
1747	-1.1969933e-05
1748	-1.1969995e-05
1749	-1.1970057e-05
1750	-1.1970119e-05
1751	-1.197018e-05
1752	-1.1970241e-05
1753	-1.1970302e-05
1754	-1.1970363e-05
1755	-1.1970424e-05
1756	-1.1970484e-05
1757	-1.1970544e-05
1758	-1.1970605e-05
1759	-1.1970664e-05
1760	-1.1970724e-05
1761	-1.1970784e-05
1762	-1.1970843e-05
1763	-1.1970902e-05
1764	-1.1970961e-05
1765	-1.197102e-05
1766	-1.1971078e-05
1767	-1.1971137e-05
1768	-1.1971195e-05
1769	-1.1971253e-05
1770	-1.1971311e-05
1771	-1.1971369e-05
1772	-1.1971426e-05
1773	-1.1971483e-05
1774	-1.1971541e-05
1775	-1.1971598e-05
1776	-1.1971654e-05
1777	-1.1971711e-05
1778	-1.1971767e-05
1779	-1.1971824e-05
1780	-1.197188e-05
1781	-1.1971936e-05
1782	-1.1971991e-05
1783	-1.1972047e-05
1784	-1.1972102e-05
1785	-1.1972158e-05
1786	-1.1972213e-05
1787	-1.1972268e-05
1788	-1.1972322e-05
1789	-1.1972377e-05
1790	-1.1972431e-05
1791	-1.1972485e-05
1792	-1.1972539e-05
1793	-1.1972593e-05
1794	-1.1972647e-05
1795	-1.1972701e-05
1796	-1.1972754e-05
1797	-1.1972807e-05
1798	-1.197286e-05
1799	-1.1972913e-05
1800	-1.1972966e-05
1801	-1.1973018e-05
1802	-1.1973071e-05
1803	-1.1973123e-05
1804	-1.1973175e-05
1805	-1.1973227e-05
1806	-1.1973278e-05
1807	-1.197333e-05
1808	-1.1973381e-05
1809	-1.1973433e-05
1810	-1.1973484e-05
1811	-1.1973535e-05
1812	-1.1973586e-05
1813	-1.1973636e-05
1814	-1.1973687e-05
1815	-1.1973737e-05
1816	-1.1973787e-05
1817	-1.1973837e-05
1818	-1.1973887e-05
1819	-1.1973937e-05
1820	-1.1973986e-05
1821	-1.1974035e-05
1822	-1.1974085e-05
1823	-1.1974134e-05
1824	-1.1974183e-05
1825	-1.1974231e-05
1826	-1.197428e-05
1827	-1.1974328e-05
1828	-1.1974377e-05
1829	-1.1974425e-05
1830	-1.1974473e-05
1831	-1.1974521e-05
1832	-1.1974569e-05
1833	-1.1974616e-05
1834	-1.1974664e-05
1835	-1.1974711e-05
1836	-1.1974758e-05
1837	-1.1974805e-05
1838	-1.1974852e-05
1839	-1.1974898e-05
1840	-1.1974945e-05
1841	-1.1974991e-05
1842	-1.1975038e-05
1843	-1.1975084e-05
1844	-1.197513e-05
1845	-1.1975175e-05
1846	-1.1975221e-05
1847	-1.1975267e-05
1848	-1.1975312e-05
1849	-1.1975357e-05
1850	-1.1975402e-05
1851	-1.1975447e-05
1852	-1.1975492e-05
1853	-1.1975537e-05
1854	-1.1975582e-05
1855	-1.1975626e-05
1856	-1.197567e-05
1857	-1.1975714e-05
1858	-1.1975758e-05
1859	-1.1975802e-05
1860	-1.1975846e-05
1861	-1.197589e-05
1862	-1.1975933e-05
1863	-1.1975976e-05
1864	-1.197602e-05
1865	-1.1976063e-05
1866	-1.1976106e-05
1867	-1.1976148e-05
1868	-1.1976191e-05
1869	-1.1976233e-05
1870	-1.1976276e-05
1871	-1.1976318e-05
1872	-1.197636e-05
1873	-1.1976402e-05
1874	-1.1976444e-05
1875	-1.1976486e-05
1876	-1.1976527e-05
1877	-1.1976569e-05
1878	-1.197661e-05
1879	-1.1976652e-05
1880	-1.1976693e-05
1881	-1.1976734e-05
1882	-1.1976774e-05
1883	-1.1976815e-05
1884	-1.1976856e-05
1885	-1.1976896e-05
1886	-1.1976937e-05
1887	-1.1976977e-05
1888	-1.1977017e-05
1889	-1.1977057e-05
1890	-1.1977097e-05
1891	-1.1977136e-05
1892	-1.1977176e-05
1893	-1.1977215e-05
1894	-1.1977255e-05
1895	-1.1977294e-05
1896	-1.1977333e-05
1897	-1.1977372e-05
1898	-1.1977411e-05
1899	-1.197745e-05
1900	-1.1977488e-05
1901	-1.1977527e-05
1902	-1.1977565e-05
1903	-1.1977603e-05
1904	-1.1977642e-05
1905	-1.197768e-05
1906	-1.1977718e-05
1907	-1.1977755e-05
1908	-1.1977793e-05
1909	-1.1977831e-05
1910	-1.1977868e-05
1911	-1.1977905e-05
1912	-1.1977942e-05
1913	-1.197798e-05
1914	-1.1978017e-05
1915	-1.1978053e-05
1916	-1.197809e-05
1917	-1.1978127e-05
1918	-1.1978163e-05
1919	-1.19782e-05
1920	-1.1978236e-05
1921	-1.1978272e-05
1922	-1.1978308e-05
1923	-1.1978344e-05
1924	-1.197838e-05
1925	-1.1978416e-05
1926	-1.1978451e-05
1927	-1.1978487e-05
1928	-1.1978522e-05
1929	-1.1978558e-05
1930	-1.1978593e-05
1931	-1.1978628e-05
1932	-1.1978663e-05
1933	-1.1978698e-05
1934	-1.1978732e-05
1935	-1.1978767e-05
1936	-1.1978802e-05
1937	-1.1978836e-05
1938	-1.197887e-05
1939	-1.1978904e-05
1940	-1.1978939e-05
1941	-1.1978973e-05
1942	-1.1979006e-05
1943	-1.197904e-05
1944	-1.1979074e-05
1945	-1.1979108e-05
1946	-1.1979141e-05
1947	-1.1979174e-05
1948	-1.1979208e-05
1949	-1.1979241e-05
1950	-1.1979274e-05
1951	-1.1979307e-05
1952	-1.197934e-05
1953	-1.1979372e-05
1954	-1.1979405e-05
1955	-1.1979438e-05
1956	-1.197947e-05
1957	-1.1979502e-05
1958	-1.1979535e-05
1959	-1.1979567e-05
1960	-1.1979599e-05
1961	-1.1979631e-05
1962	-1.1979663e-05
1963	-1.1979694e-05
1964	-1.1979726e-05
1965	-1.1979758e-05
1966	-1.1979789e-05
1967	-1.197982e-05
1968	-1.1979852e-05
1969	-1.1979883e-05
1970	-1.1979914e-05
1971	-1.1979945e-05
1972	-1.1979976e-05
1973	-1.1980007e-05
1974	-1.1980037e-05
1975	-1.1980068e-05
1976	-1.1980098e-05
1977	-1.1980129e-05
1978	-1.1980159e-05
1979	-1.1980189e-05
1980	-1.1980219e-05
1981	-1.1980249e-05
1982	-1.1980279e-05
1983	-1.1980309e-05
1984	-1.1980339e-05
1985	-1.1980369e-05
1986	-1.1980398e-05
1987	-1.1980428e-05
1988	-1.1980457e-05
1989	-1.1980486e-05
1990	-1.1980515e-05
1991	-1.1980545e-05
1992	-1.1980574e-05
1993	-1.1980602e-05
1994	-1.1980631e-05
1995	-1.198066e-05
1996	-1.1980689e-05
1997	-1.1980717e-05
1998	-1.1980746e-05
1999	-1.1980774e-05
2000	-1.1980802e-05
2001	-1.1980831e-05
2002	-1.1980859e-05
2003	-1.1980887e-05
2004	-1.1980915e-05
2005	-1.1980943e-05
2006	-1.198097e-05
2007	-1.1980998e-05
2008	-1.1981026e-05
2009	-1.1981053e-05
2010	-1.1981081e-05
2011	-1.1981108e-05
2012	-1.1981135e-05
2013	-1.1981163e-05
2014	-1.198119e-05
2015	-1.1981217e-05
2016	-1.1981244e-05
2017	-1.198127e-05
2018	-1.1981297e-05
2019	-1.1981324e-05
2020	-1.198135e-05
2021	-1.1981377e-05
2022	-1.1981403e-05
2023	-1.198143e-05
2024	-1.1981456e-05
2025	-1.1981482e-05
2026	-1.1981508e-05
2027	-1.1981534e-05
2028	-1.198156e-05
2029	-1.1981586e-05
2030	-1.1981612e-05
2031	-1.1981638e-05
2032	-1.1981663e-05
2033	-1.1981689e-05
2034	-1.1981714e-05
2035	-1.198174e-05
2036	-1.1981765e-05
2037	-1.198179e-05
2038	-1.1981815e-05
2039	-1.198184e-05
2040	-1.1981865e-05
2041	-1.198189e-05
2042	-1.1981915e-05
2043	-1.198194e-05
2044	-1.1981965e-05
2045	-1.1981989e-05
2046	-1.1982014e-05
2047	-1.1982038e-05
2048	-1.1982063e-05
2049	-1.1982087e-05
2050	-1.1982111e-05
2051	-1.1982135e-05
2052	-1.1982159e-05
2053	-1.1982183e-05
2054	-1.1982207e-05
2055	-1.1982231e-05
2056	-1.1982255e-05
2057	-1.1982279e-05
2058	-1.1982302e-05
2059	-1.1982326e-05
2060	-1.1982349e-05
2061	-1.1982373e-05
2062	-1.1982396e-05
2063	-1.1982419e-05
2064	-1.1982443e-05
2065	-1.1982466e-05
2066	-1.1982489e-05
2067	-1.1982512e-05
2068	-1.1982535e-05
2069	-1.1982558e-05
2070	-1.198258e-05
2071	-1.1982603e-05
2072	-1.1982626e-05
2073	-1.1982648e-05
2074	-1.1982671e-05
2075	-1.1982693e-05
2076	-1.1982715e-05
2077	-1.1982738e-05
2078	-1.198276e-05
2079	-1.1982782e-05
2080	-1.1982804e-05
2081	-1.1982826e-05
2082	-1.1982848e-05
2083	-1.198287e-05
2084	-1.1982892e-05
2085	-1.1982914e-05
2086	-1.1982935e-05
2087	-1.1982957e-05
2088	-1.1982978e-05
2089	-1.1983e-05
2090	-1.1983021e-05
2091	-1.1983043e-05
2092	-1.1983064e-05
2093	-1.1983085e-05
2094	-1.1983106e-05
2095	-1.1983127e-05
2096	-1.1983148e-05
2097	-1.1983169e-05
2098	-1.198319e-05
2099	-1.1983211e-05
2100	-1.1983232e-05
2101	-1.1983252e-05
2102	-1.1983273e-05
2103	-1.1983293e-05
2104	-1.1983314e-05
2105	-1.1983334e-05
2106	-1.1983355e-05
2107	-1.1983375e-05
2108	-1.1983395e-05
2109	-1.1983415e-05
2110	-1.1983436e-05
2111	-1.1983456e-05
2112	-1.1983476e-05
2113	-1.1983495e-05
2114	-1.1983515e-05
2115	-1.1983535e-05
2116	-1.1983555e-05
2117	-1.1983575e-05
2118	-1.1983594e-05
2119	-1.1983614e-05
2120	-1.1983633e-05
2121	-1.1983653e-05
2122	-1.1983672e-05
2123	-1.1983691e-05
2124	-1.1983711e-05
2125	-1.198373e-05
2126	-1.1983749e-05
2127	-1.1983768e-05
2128	-1.1983787e-05
2129	-1.1983806e-05
2130	-1.1983825e-05
2131	-1.1983844e-05
2132	-1.1983863e-05
2133	-1.1983881e-05
2134	-1.19839e-05
2135	-1.1983919e-05
2136	-1.1983937e-05
2137	-1.1983956e-05
2138	-1.1983974e-05
2139	-1.1983992e-05
2140	-1.1984011e-05
2141	-1.1984029e-05
2142	-1.1984047e-05
2143	-1.1984065e-05
2144	-1.1984083e-05
2145	-1.1984102e-05
2146	-1.1984119e-05
2147	-1.1984137e-05
2148	-1.1984155e-05
2149	-1.1984173e-05
2150	-1.1984191e-05
2151	-1.1984209e-05
2152	-1.1984226e-05
2153	-1.1984244e-05
2154	-1.1984261e-05
2155	-1.1984279e-05
2156	-1.1984296e-05
2157	-1.1984314e-05
2158	-1.1984331e-05
2159	-1.1984348e-05
2160	-1.1984366e-05
2161	-1.1984383e-05
2162	-1.19844e-05
2163	-1.1984417e-05
2164	-1.1984434e-05
2165	-1.1984451e-05
2166	-1.1984468e-05
2167	-1.1984485e-05
2168	-1.1984501e-05
2169	-1.1984518e-05
2170	-1.1984535e-05
2171	-1.1984551e-05
2172	-1.1984568e-05
2173	-1.1984585e-05
2174	-1.1984601e-05
2175	-1.1984617e-05
2176	-1.1984634e-05
2177	-1.198465e-05
2178	-1.1984666e-05
2179	-1.1984683e-05
2180	-1.1984699e-05
2181	-1.1984715e-05
2182	-1.1984731e-05
2183	-1.1984747e-05
2184	-1.1984763e-05
2185	-1.1984779e-05
2186	-1.1984795e-05
2187	-1.1984811e-05
2188	-1.1984827e-05
2189	-1.1984842e-05
2190	-1.1984858e-05
2191	-1.1984874e-05
2192	-1.1984889e-05
2193	-1.1984905e-05
2194	-1.198492e-05
2195	-1.1984936e-05
2196	-1.1984951e-05
2197	-1.1984966e-05
2198	-1.1984982e-05
2199	-1.1984997e-05
2200	-1.1985012e-05
2201	-1.1985027e-05
2202	-1.1985043e-05
2203	-1.1985058e-05
2204	-1.1985073e-05
2205	-1.1985088e-05
2206	-1.1985103e-05
2207	-1.1985117e-05
2208	-1.1985132e-05
2209	-1.1985147e-05
2210	-1.1985162e-05
2211	-1.1985176e-05
2212	-1.1985191e-05
2213	-1.1985206e-05
2214	-1.198522e-05
2215	-1.1985235e-05
2216	-1.1985249e-05
2217	-1.1985264e-05
2218	-1.1985278e-05
2219	-1.1985292e-05
2220	-1.1985307e-05
2221	-1.1985321e-05
2222	-1.1985335e-05
2223	-1.1985349e-05
2224	-1.1985363e-05
2225	-1.1985378e-05
2226	-1.1985392e-05
2227	-1.1985406e-05
2228	-1.1985419e-05
2229	-1.1985433e-05
2230	-1.1985447e-05
2231	-1.1985461e-05
2232	-1.1985475e-05
2233	-1.1985489e-05
2234	-1.1985502e-05
2235	-1.1985516e-05
2236	-1.1985529e-05
2237	-1.1985543e-05
2238	-1.1985557e-05
2239	-1.198557e-05
2240	-1.1985583e-05
2241	-1.1985597e-05
2242	-1.198561e-05
2243	-1.1985624e-05
2244	-1.1985637e-05
2245	-1.198565e-05
2246	-1.1985663e-05
2247	-1.1985676e-05
2248	-1.1985689e-05
2249	-1.1985703e-05
2250	-1.1985716e-05
2251	-1.1985729e-05
2252	-1.1985741e-05
2253	-1.1985754e-05
2254	-1.1985767e-05
2255	-1.198578e-05
2256	-1.1985793e-05
2257	-1.1985806e-05
2258	-1.1985818e-05
2259	-1.1985831e-05
2260	-1.1985844e-05
2261	-1.1985856e-05
2262	-1.1985869e-05
2263	-1.1985881e-05
2264	-1.1985894e-05
2265	-1.1985906e-05
2266	-1.1985919e-05
2267	-1.1985931e-05
2268	-1.1985943e-05
2269	-1.1985955e-05
2270	-1.1985968e-05
2271	-1.198598e-05
2272	-1.1985992e-05
2273	-1.1986004e-05
2274	-1.1986016e-05
2275	-1.1986028e-05
2276	-1.198604e-05
2277	-1.1986052e-05
2278	-1.1986064e-05
2279	-1.1986076e-05
2280	-1.1986088e-05
2281	-1.19861e-05
2282	-1.1986112e-05
2283	-1.1986123e-05
2284	-1.1986135e-05
2285	-1.1986147e-05
2286	-1.1986158e-05
2287	-1.198617e-05
2288	-1.1986182e-05
2289	-1.1986193e-05
2290	-1.1986205e-05
2291	-1.1986216e-05
2292	-1.1986228e-05
2293	-1.1986239e-05
2294	-1.198625e-05
2295	-1.1986262e-05
2296	-1.1986273e-05
2297	-1.1986284e-05
2298	-1.1986295e-05
2299	-1.1986307e-05
2300	-1.1986318e-05
2301	-1.1986329e-05
2302	-1.198634e-05
2303	-1.1986351e-05
2304	-1.1986362e-05
2305	-1.1986373e-05
2306	-1.1986384e-05
2307	-1.1986395e-05
2308	-1.1986406e-05
2309	-1.1986417e-05
2310	-1.1986427e-05
2311	-1.1986438e-05
2312	-1.1986449e-05
2313	-1.198646e-05
2314	-1.198647e-05
2315	-1.1986481e-05
2316	-1.1986492e-05
2317	-1.1986502e-05
2318	-1.1986513e-05
2319	-1.1986523e-05
2320	-1.1986534e-05
2321	-1.1986544e-05
2322	-1.1986555e-05
2323	-1.1986565e-05
2324	-1.1986575e-05
2325	-1.1986586e-05
2326	-1.1986596e-05
2327	-1.1986606e-05
2328	-1.1986616e-05
2329	-1.1986627e-05
2330	-1.1986637e-05
2331	-1.1986647e-05
2332	-1.1986657e-05
2333	-1.1986667e-05
2334	-1.1986677e-05
2335	-1.1986687e-05
2336	-1.1986697e-05
2337	-1.1986707e-05
2338	-1.1986717e-05
2339	-1.1986727e-05
2340	-1.1986737e-05
2341	-1.1986746e-05
2342	-1.1986756e-05
2343	-1.1986766e-05
2344	-1.1986776e-05
2345	-1.1986785e-05
2346	-1.1986795e-05
2347	-1.1986805e-05
2348	-1.1986814e-05
2349	-1.1986824e-05
2350	-1.1986833e-05
2351	-1.1986843e-05
2352	-1.1986852e-05
2353	-1.1986862e-05
2354	-1.1986871e-05
2355	-1.1986881e-05
2356	-1.198689e-05
2357	-1.1986899e-05
2358	-1.1986909e-05
2359	-1.1986918e-05
2360	-1.1986927e-05
2361	-1.1986937e-05
2362	-1.1986946e-05
2363	-1.1986955e-05
2364	-1.1986964e-05
2365	-1.1986973e-05
2366	-1.1986982e-05
2367	-1.1986991e-05
2368	-1.1987e-05
2369	-1.1987009e-05
2370	-1.1987018e-05
2371	-1.1987027e-05
2372	-1.1987036e-05
2373	-1.1987045e-05
2374	-1.1987054e-05
2375	-1.1987063e-05
2376	-1.1987072e-05
2377	-1.198708e-05
2378	-1.1987089e-05
2379	-1.1987098e-05
2380	-1.1987107e-05
2381	-1.1987115e-05
2382	-1.1987124e-05
2383	-1.1987133e-05
2384	-1.1987141e-05
2385	-1.198715e-05
2386	-1.1987158e-05
2387	-1.1987167e-05
2388	-1.1987175e-05
2389	-1.1987184e-05
2390	-1.1987192e-05
2391	-1.1987201e-05
2392	-1.1987209e-05
2393	-1.1987217e-05
2394	-1.1987226e-05
2395	-1.1987234e-05
2396	-1.1987242e-05
2397	-1.198725e-05
2398	-1.1987259e-05
2399	-1.1987267e-05
2400	-1.1987275e-05
2401	-1.1987283e-05
2402	-1.1987291e-05
2403	-1.1987299e-05
2404	-1.1987307e-05
2405	-1.1987316e-05
2406	-1.1987324e-05
2407	-1.1987332e-05
2408	-1.198734e-05
2409	-1.1987347e-05
2410	-1.1987355e-05
2411	-1.1987363e-05
2412	-1.1987371e-05
2413	-1.1987379e-05
2414	-1.1987387e-05
2415	-1.1987395e-05
2416	-1.1987402e-05
2417	-1.198741e-05
2418	-1.1987418e-05
2419	-1.1987426e-05
2420	-1.1987433e-05
2421	-1.1987441e-05
2422	-1.1987449e-05
2423	-1.1987456e-05
2424	-1.1987464e-05
2425	-1.1987471e-05
2426	-1.1987479e-05
2427	-1.1987486e-05
2428	-1.1987494e-05
2429	-1.1987501e-05
2430	-1.1987509e-05
2431	-1.1987516e-05
2432	-1.1987524e-05
2433	-1.1987531e-05
2434	-1.1987538e-05
2435	-1.1987546e-05
2436	-1.1987553e-05
2437	-1.198756e-05
2438	-1.1987568e-05
2439	-1.1987575e-05
2440	-1.1987582e-05
2441	-1.1987589e-05
2442	-1.1987597e-05
2443	-1.1987604e-05
2444	-1.1987611e-05
2445	-1.1987618e-05
2446	-1.1987625e-05
2447	-1.1987632e-05
2448	-1.1987639e-05
2449	-1.1987646e-05
2450	-1.1987653e-05
2451	-1.198766e-05
2452	-1.1987667e-05
2453	-1.1987674e-05
2454	-1.1987681e-05
2455	-1.1987688e-05
2456	-1.1987695e-05
2457	-1.1987702e-05
2458	-1.1987708e-05
2459	-1.1987715e-05
2460	-1.1987722e-05
2461	-1.1987729e-05
2462	-1.1987736e-05
2463	-1.1987742e-05
2464	-1.1987749e-05
2465	-1.1987756e-05
2466	-1.1987762e-05
2467	-1.1987769e-05
2468	-1.1987776e-05
2469	-1.1987782e-05
2470	-1.1987789e-05
2471	-1.1987795e-05
2472	-1.1987802e-05
2473	-1.1987808e-05
2474	-1.1987815e-05
2475	-1.1987821e-05
2476	-1.1987828e-05
2477	-1.1987834e-05
2478	-1.1987841e-05
2479	-1.1987847e-05
2480	-1.1987853e-05
2481	-1.198786e-05
2482	-1.1987866e-05
2483	-1.1987873e-05
2484	-1.1987879e-05
2485	-1.1987885e-05
2486	-1.1987891e-05
2487	-1.1987898e-05
2488	-1.1987904e-05
2489	-1.198791e-05
2490	-1.1987916e-05
2491	-1.1987922e-05
2492	-1.1987929e-05
2493	-1.1987935e-05
2494	-1.1987941e-05
2495	-1.1987947e-05
2496	-1.1987953e-05
2497	-1.1987959e-05
2498	-1.1987965e-05
2499	-1.1987971e-05
2500	-1.1987977e-05
2501	-1.1987983e-05
2502	-1.1987989e-05
2503	-1.1987995e-05
2504	-1.1988001e-05
2505	-1.1988007e-05
2506	-1.1988013e-05
2507	-1.1988018e-05
2508	-1.1988024e-05
2509	-1.198803e-05
2510	-1.1988036e-05
2511	-1.1988042e-05
2512	-1.1988048e-05
2513	-1.1988053e-05
2514	-1.1988059e-05
2515	-1.1988065e-05
2516	-1.198807e-05
2517	-1.1988076e-05
2518	-1.1988082e-05
2519	-1.1988088e-05
2520	-1.1988093e-05
2521	-1.1988099e-05
2522	-1.1988104e-05
2523	-1.198811e-05
2524	-1.1988116e-05
2525	-1.1988121e-05
2526	-1.1988127e-05
2527	-1.1988132e-05
2528	-1.1988138e-05
2529	-1.1988143e-05
2530	-1.1988149e-05
2531	-1.1988154e-05
2532	-1.1988159e-05
2533	-1.1988165e-05
2534	-1.198817e-05
2535	-1.1988176e-05
2536	-1.1988181e-05
2537	-1.1988186e-05
2538	-1.1988192e-05
2539	-1.1988197e-05
2540	-1.1988202e-05
2541	-1.1988208e-05
2542	-1.1988213e-05
2543	-1.1988218e-05
2544	-1.1988223e-05
2545	-1.1988229e-05
2546	-1.1988234e-05
2547	-1.1988239e-05
2548	-1.1988244e-05
2549	-1.1988249e-05
2550	-1.1988254e-05
2551	-1.1988259e-05
2552	-1.1988265e-05
2553	-1.198827e-05
2554	-1.1988275e-05
2555	-1.198828e-05
2556	-1.1988285e-05
2557	-1.198829e-05
2558	-1.1988295e-05
2559	-1.19883e-05
2560	-1.1988305e-05
2561	-1.198831e-05
2562	-1.1988315e-05
2563	-1.198832e-05
2564	-1.1988325e-05
2565	-1.198833e-05
2566	-1.1988334e-05
2567	-1.1988339e-05
2568	-1.1988344e-05
2569	-1.1988349e-05
2570	-1.1988354e-05
2571	-1.1988359e-05
2572	-1.1988363e-05
2573	-1.1988368e-05
2574	-1.1988373e-05
2575	-1.1988378e-05
2576	-1.1988382e-05
2577	-1.1988387e-05
2578	-1.1988392e-05
2579	-1.1988397e-05
2580	-1.1988401e-05
2581	-1.1988406e-05
2582	-1.1988411e-05
2583	-1.1988415e-05
2584	-1.198842e-05
2585	-1.1988424e-05
2586	-1.1988429e-05
2587	-1.1988434e-05
2588	-1.1988438e-05
2589	-1.1988443e-05
2590	-1.1988447e-05
2591	-1.1988452e-05
2592	-1.1988456e-05
2593	-1.1988461e-05
2594	-1.1988465e-05
2595	-1.198847e-05
2596	-1.1988474e-05
2597	-1.1988479e-05
2598	-1.1988483e-05
2599	-1.1988487e-05
2600	-1.1988492e-05
2601	-1.1988496e-05
2602	-1.1988501e-05
2603	-1.1988505e-05
2604	-1.1988509e-05
2605	-1.1988514e-05
2606	-1.1988518e-05
2607	-1.1988522e-05
2608	-1.1988527e-05
2609	-1.1988531e-05
2610	-1.1988535e-05
2611	-1.1988539e-05
2612	-1.1988544e-05
2613	-1.1988548e-05
2614	-1.1988552e-05
2615	-1.1988556e-05
2616	-1.198856e-05
2617	-1.1988565e-05
2618	-1.1988569e-05
2619	-1.1988573e-05
2620	-1.1988577e-05
2621	-1.1988581e-05
2622	-1.1988585e-05
2623	-1.1988589e-05
2624	-1.1988593e-05
2625	-1.1988598e-05
2626	-1.1988602e-05
2627	-1.1988606e-05
2628	-1.198861e-05
2629	-1.1988614e-05
2630	-1.1988618e-05
2631	-1.1988622e-05
2632	-1.1988626e-05
2633	-1.198863e-05
2634	-1.1988634e-05
2635	-1.1988638e-05
2636	-1.1988641e-05
2637	-1.1988645e-05
2638	-1.1988649e-05
2639	-1.1988653e-05
2640	-1.1988657e-05
2641	-1.1988661e-05
2642	-1.1988665e-05
2643	-1.1988669e-05
2644	-1.1988673e-05
2645	-1.1988676e-05
2646	-1.198868e-05
2647	-1.1988684e-05
2648	-1.1988688e-05
2649	-1.1988692e-05
2650	-1.1988695e-05
2651	-1.1988699e-05
2652	-1.1988703e-05
2653	-1.1988707e-05
2654	-1.198871e-05
2655	-1.1988714e-05
2656	-1.1988718e-05
2657	-1.1988721e-05
2658	-1.1988725e-05
2659	-1.1988729e-05
2660	-1.1988732e-05
2661	-1.1988736e-05
2662	-1.198874e-05
2663	-1.1988743e-05
2664	-1.1988747e-05
2665	-1.198875e-05
2666	-1.1988754e-05
2667	-1.1988758e-05
2668	-1.1988761e-05
2669	-1.1988765e-05
2670	-1.1988768e-05
2671	-1.1988772e-05
2672	-1.1988775e-05
2673	-1.1988779e-05
2674	-1.1988782e-05
2675	-1.1988786e-05
2676	-1.1988789e-05
2677	-1.1988793e-05
2678	-1.1988796e-05
2679	-1.19888e-05
2680	-1.1988803e-05
2681	-1.1988806e-05
2682	-1.198881e-05
2683	-1.1988813e-05
2684	-1.1988817e-05
2685	-1.198882e-05
2686	-1.1988823e-05
2687	-1.1988827e-05
2688	-1.198883e-05
2689	-1.1988833e-05
2690	-1.1988837e-05
2691	-1.198884e-05
2692	-1.1988843e-05
2693	-1.1988847e-05
2694	-1.198885e-05
2695	-1.1988853e-05
2696	-1.1988857e-05
2697	-1.198886e-05
2698	-1.1988863e-05
2699	-1.1988866e-05
2700	-1.198887e-05
2701	-1.1988873e-05
2702	-1.1988876e-05
2703	-1.1988879e-05
2704	-1.1988882e-05
2705	-1.1988886e-05
2706	-1.1988889e-05
2707	-1.1988892e-05
2708	-1.1988895e-05
2709	-1.1988898e-05
2710	-1.1988901e-05
2711	-1.1988904e-05
2712	-1.1988907e-05
2713	-1.1988911e-05
2714	-1.1988914e-05
2715	-1.1988917e-05
2716	-1.198892e-05
2717	-1.1988923e-05
2718	-1.1988926e-05
2719	-1.1988929e-05
2720	-1.1988932e-05
2721	-1.1988935e-05
2722	-1.1988938e-05
2723	-1.1988941e-05
2724	-1.1988944e-05
2725	-1.1988947e-05
2726	-1.198895e-05
2727	-1.1988953e-05
2728	-1.1988956e-05
2729	-1.1988959e-05
2730	-1.1988962e-05
2731	-1.1988965e-05
2732	-1.1988968e-05
2733	-1.1988971e-05
2734	-1.1988974e-05
2735	-1.1988976e-05
2736	-1.1988979e-05
2737	-1.1988982e-05
2738	-1.1988985e-05
2739	-1.1988988e-05
2740	-1.1988991e-05
2741	-1.1988994e-05
2742	-1.1988996e-05
2743	-1.1988999e-05
2744	-1.1989002e-05
2745	-1.1989005e-05
2746	-1.1989008e-05
2747	-1.198901e-05
2748	-1.1989013e-05
2749	-1.1989016e-05
2750	-1.1989019e-05
2751	-1.1989022e-05
2752	-1.1989024e-05
2753	-1.1989027e-05
2754	-1.198903e-05
2755	-1.1989032e-05
2756	-1.1989035e-05
2757	-1.1989038e-05
2758	-1.1989041e-05
2759	-1.1989043e-05
2760	-1.1989046e-05
2761	-1.1989049e-05
2762	-1.1989051e-05
2763	-1.1989054e-05
2764	-1.1989057e-05
2765	-1.1989059e-05
2766	-1.1989062e-05
2767	-1.1989064e-05
2768	-1.1989067e-05
2769	-1.198907e-05
2770	-1.1989072e-05
2771	-1.1989075e-05
2772	-1.1989077e-05
2773	-1.198908e-05
2774	-1.1989083e-05
2775	-1.1989085e-05
2776	-1.1989088e-05
2777	-1.198909e-05
2778	-1.1989093e-05
2779	-1.1989095e-05
2780	-1.1989098e-05
2781	-1.19891e-05
2782	-1.1989103e-05
2783	-1.1989105e-05
2784	-1.1989108e-05
2785	-1.198911e-05
2786	-1.1989113e-05
2787	-1.1989115e-05
2788	-1.1989118e-05
2789	-1.198912e-05
2790	-1.1989123e-05
2791	-1.1989125e-05
2792	-1.1989127e-05
2793	-1.198913e-05
2794	-1.1989132e-05
2795	-1.1989135e-05
2796	-1.1989137e-05
2797	-1.1989139e-05
2798	-1.1989142e-05
2799	-1.1989144e-05
2800	-1.1989147e-05
2801	-1.1989149e-05
2802	-1.1989151e-05
2803	-1.1989154e-05
2804	-1.1989156e-05
2805	-1.1989158e-05
2806	-1.1989161e-05
2807	-1.1989163e-05
2808	-1.1989165e-05
2809	-1.1989168e-05
2810	-1.198917e-05
2811	-1.1989172e-05
2812	-1.1989174e-05
2813	-1.1989177e-05
2814	-1.1989179e-05
2815	-1.1989181e-05
2816	-1.1989183e-05
2817	-1.1989186e-05
2818	-1.1989188e-05
2819	-1.198919e-05
2820	-1.1989192e-05
2821	-1.1989195e-05
2822	-1.1989197e-05
2823	-1.1989199e-05
2824	-1.1989201e-05
2825	-1.1989203e-05
2826	-1.1989206e-05
2827	-1.1989208e-05
2828	-1.198921e-05
2829	-1.1989212e-05
2830	-1.1989214e-05
2831	-1.1989216e-05
2832	-1.1989219e-05
2833	-1.1989221e-05
2834	-1.1989223e-05
2835	-1.1989225e-05
2836	-1.1989227e-05
2837	-1.1989229e-05
2838	-1.1989231e-05
2839	-1.1989233e-05
2840	-1.1989236e-05
2841	-1.1989238e-05
2842	-1.198924e-05
2843	-1.1989242e-05
2844	-1.1989244e-05
2845	-1.1989246e-05
2846	-1.1989248e-05
2847	-1.198925e-05
2848	-1.1989252e-05
2849	-1.1989254e-05
2850	-1.1989256e-05
2851	-1.1989258e-05
2852	-1.198926e-05
2853	-1.1989262e-05
2854	-1.1989264e-05
2855	-1.1989266e-05
2856	-1.1989268e-05
2857	-1.198927e-05
2858	-1.1989272e-05
2859	-1.1989274e-05
2860	-1.1989276e-05
2861	-1.1989278e-05
2862	-1.198928e-05
2863	-1.1989282e-05
2864	-1.1989284e-05
2865	-1.1989286e-05
2866	-1.1989288e-05
2867	-1.198929e-05
2868	-1.1989292e-05
2869	-1.1989293e-05
2870	-1.1989295e-05
2871	-1.1989297e-05
2872	-1.1989299e-05
2873	-1.1989301e-05
2874	-1.1989303e-05
2875	-1.1989305e-05
2876	-1.1989307e-05
2877	-1.1989309e-05
2878	-1.198931e-05
2879	-1.1989312e-05
2880	-1.1989314e-05
2881	-1.1989316e-05
2882	-1.1989318e-05
2883	-1.198932e-05
2884	-1.1989321e-05
2885	-1.1989323e-05
2886	-1.1989325e-05
2887	-1.1989327e-05
2888	-1.1989329e-05
2889	-1.198933e-05
2890	-1.1989332e-05
2891	-1.1989334e-05
2892	-1.1989336e-05
2893	-1.1989338e-05
2894	-1.1989339e-05
2895	-1.1989341e-05
2896	-1.1989343e-05
2897	-1.1989345e-05
2898	-1.1989346e-05
2899	-1.1989348e-05
2900	-1.198935e-05
2901	-1.1989352e-05
2902	-1.1989353e-05
2903	-1.1989355e-05
2904	-1.1989357e-05
2905	-1.1989358e-05
2906	-1.198936e-05
2907	-1.1989362e-05
2908	-1.1989364e-05
2909	-1.1989365e-05
2910	-1.1989367e-05
2911	-1.1989369e-05
2912	-1.198937e-05
2913	-1.1989372e-05
2914	-1.1989374e-05
2915	-1.1989375e-05
2916	-1.1989377e-05
2917	-1.1989379e-05
2918	-1.198938e-05
2919	-1.1989382e-05
2920	-1.1989384e-05
2921	-1.1989385e-05
2922	-1.1989387e-05
2923	-1.1989388e-05
2924	-1.198939e-05
2925	-1.1989392e-05
2926	-1.1989393e-05
2927	-1.1989395e-05
2928	-1.1989396e-05
2929	-1.1989398e-05
2930	-1.19894e-05
2931	-1.1989401e-05
2932	-1.1989403e-05
2933	-1.1989404e-05
2934	-1.1989406e-05
2935	-1.1989407e-05
2936	-1.1989409e-05
2937	-1.1989411e-05
2938	-1.1989412e-05
2939	-1.1989414e-05
2940	-1.1989415e-05
2941	-1.1989417e-05
2942	-1.1989418e-05
2943	-1.198942e-05
2944	-1.1989421e-05
2945	-1.1989423e-05
2946	-1.1989424e-05
2947	-1.1989426e-05
2948	-1.1989427e-05
2949	-1.1989429e-05
2950	-1.198943e-05
2951	-1.1989432e-05
2952	-1.1989433e-05
2953	-1.1989435e-05
2954	-1.1989436e-05
2955	-1.1989438e-05
2956	-1.1989439e-05
2957	-1.1989441e-05
2958	-1.1989442e-05
2959	-1.1989443e-05
2960	-1.1989445e-05
2961	-1.1989446e-05
2962	-1.1989448e-05
2963	-1.1989449e-05
2964	-1.1989451e-05
2965	-1.1989452e-05
2966	-1.1989453e-05
2967	-1.1989455e-05
2968	-1.1989456e-05
2969	-1.1989458e-05
2970	-1.1989459e-05
2971	-1.198946e-05
2972	-1.1989462e-05
2973	-1.1989463e-05
2974	-1.1989465e-05
2975	-1.1989466e-05
2976	-1.1989467e-05
2977	-1.1989469e-05
2978	-1.198947e-05
2979	-1.1989471e-05
2980	-1.1989473e-05
2981	-1.1989474e-05
2982	-1.1989475e-05
2983	-1.1989477e-05
2984	-1.1989478e-05
2985	-1.198948e-05
2986	-1.1989481e-05
2987	-1.1989482e-05
2988	-1.1989483e-05
2989	-1.1989485e-05
2990	-1.1989486e-05
2991	-1.1989487e-05
2992	-1.1989489e-05
2993	-1.198949e-05
2994	-1.1989491e-05
2995	-1.1989493e-05
2996	-1.1989494e-05
2997	-1.1989495e-05
2998	-1.1989497e-05
2999	-1.1989498e-05
3000	-1.1989499e-05
3001	-1.19895e-05
3002	-1.1989502e-05
3003	-1.1989503e-05
3004	-1.1989504e-05
3005	-1.1989505e-05
3006	-1.1989507e-05
3007	-1.1989508e-05
3008	-1.1989509e-05
3009	-1.198951e-05
3010	-1.1989512e-05
3011	-1.1989513e-05
3012	-1.1989514e-05
3013	-1.1989515e-05
3014	-1.1989517e-05
3015	-1.1989518e-05
3016	-1.1989519e-05
3017	-1.198952e-05
3018	-1.1989521e-05
3019	-1.1989523e-05
3020	-1.1989524e-05
