1	-3.7021416e-07
2	-7.2409971e-07
3	-1.0626047e-06
4	-1.3866091e-06
5	-1.6969309e-06
6	-1.994331e-06
7	-2.2795181e-06
8	-2.5531529e-06
9	-2.815852e-06
10	-3.0681911e-06
11	-3.3107088e-06
12	-3.5439088e-06
13	-3.7682631e-06
14	-3.984214e-06
15	-4.1921765e-06
16	-4.3925404e-06
17	-4.5856717e-06
18	-4.7719148e-06
19	-4.9515937e-06
20	-5.1250137e-06
21	-5.2924625e-06
22	-5.4542113e-06
23	-5.6105161e-06
24	-5.7616187e-06
25	-5.9077477e-06
26	-6.0491192e-06
27	-6.1859375e-06
28	-6.3183964e-06
29	-6.446679e-06
30	-6.5709594e-06
31	-6.6914023e-06
32	-6.8081642e-06
33	-6.9213936e-06
34	-7.0312316e-06
35	-7.1378124e-06
36	-7.2412636e-06
37	-7.3417063e-06
38	-7.4392563e-06
39	-7.5340234e-06
40	-7.6261126e-06
41	-7.7156236e-06
42	-7.8026519e-06
43	-7.8872883e-06
44	-7.9696196e-06
45	-8.0497287e-06
46	-8.1276947e-06
47	-8.2035933e-06
48	-8.2774969e-06
49	-8.3494746e-06
50	-8.4195926e-06
51	-8.4879144e-06
52	-8.5545006e-06
53	-8.6194093e-06
54	-8.6826962e-06
55	-8.7444148e-06
56	-8.8046163e-06
57	-8.8633497e-06
58	-8.9206623e-06
59	-8.9765993e-06
60	-9.0312041e-06
61	-9.0845185e-06
62	-9.1365826e-06
63	-9.187435e-06
64	-9.2371127e-06
65	-9.2856513e-06
66	-9.3330852e-06
67	-9.3794474e-06
68	-9.4247696e-06
69	-9.4690825e-06
70	-9.5124154e-06
71	-9.5547968e-06
72	-9.5962541e-06
73	-9.6368136e-06
74	-9.6765007e-06
75	-9.7153399e-06
76	-9.753355e-06
77	-9.7905687e-06
78	-9.827003e-06
79	-9.8626794e-06
80	-9.8976182e-06
81	-9.9318393e-06
82	-9.9653619e-06
83	-9.9982045e-06
84	-1.0030385e-05
85	-1.0061921e-05
86	-1.0092829e-05
87	-1.0123125e-05
88	-1.0152825e-05
89	-1.0181943e-05
90	-1.0210496e-05
91	-1.0238496e-05
92	-1.0265958e-05
93	-1.0292895e-05
94	-1.031932e-05
95	-1.0345245e-05
96	-1.0370683e-05
97	-1.0395645e-05
98	-1.0420143e-05
99	-1.0444187e-05
100	-1.0467789e-05
101	-1.0490958e-05
102	-1.0513706e-05
103	-1.0536041e-05
104	-1.0557973e-05
105	-1.0579511e-05
106	-1.0600665e-05
107	-1.0621443e-05
108	-1.0641853e-05
109	-1.0661904e-05
110	-1.0681604e-05
111	-1.070096e-05
112	-1.071998e-05
113	-1.0738672e-05
114	-1.0757041e-05
115	-1.0775096e-05
116	-1.0792843e-05
117	-1.0810289e-05
118	-1.0827439e-05
119	-1.0844301e-05
120	-1.086088e-05
121	-1.0877182e-05
122	-1.0893213e-05
123	-1.0908979e-05
124	-1.0924484e-05
125	-1.0939734e-05
126	-1.0954735e-05
127	-1.0969491e-05
128	-1.0984007e-05
129	-1.0998288e-05
130	-1.1012339e-05
131	-1.1026164e-05
132	-1.1039767e-05
133	-1.1053153e-05
134	-1.1066327e-05
135	-1.1079292e-05
136	-1.1092052e-05
137	-1.1104611e-05
138	-1.1116973e-05
139	-1.1129142e-05
140	-1.1141121e-05
141	-1.1152914e-05
142	-1.1164524e-05
143	-1.1175955e-05
144	-1.118721e-05
145	-1.1198292e-05
146	-1.1209205e-05
147	-1.1219951e-05
148	-1.1230534e-05
149	-1.1240956e-05
150	-1.125122e-05
151	-1.126133e-05
152	-1.1271288e-05
153	-1.1281096e-05
154	-1.1290757e-05
155	-1.1300274e-05
156	-1.130965e-05
157	-1.1318886e-05
158	-1.1327986e-05
159	-1.1336951e-05
160	-1.1345784e-05
161	-1.1354487e-05
162	-1.1363062e-05
163	-1.1371512e-05
164	-1.1379839e-05
165	-1.1388044e-05
166	-1.1396131e-05
167	-1.1404099e-05
168	-1.1411953e-05
169	-1.1419693e-05
170	-1.1427322e-05
171	-1.1434841e-05
172	-1.1442252e-05
173	-1.1449557e-05
174	-1.1456758e-05
175	-1.1463856e-05
176	-1.1470853e-05
177	-1.147775e-05
178	-1.148455e-05
179	-1.1491254e-05
180	-1.1497863e-05
181	-1.1504378e-05
182	-1.1510802e-05
183	-1.1517136e-05
184	-1.1523381e-05
185	-1.1529538e-05
186	-1.153561e-05
187	-1.1541597e-05
188	-1.15475e-05
189	-1.1553321e-05
190	-1.1559061e-05
191	-1.1564722e-05
192	-1.1570304e-05
193	-1.1575809e-05
194	-1.1581238e-05
195	-1.1586593e-05
196	-1.1591873e-05
197	-1.1597081e-05
198	-1.1602218e-05
199	-1.1607284e-05
200	-1.1612281e-05
201	-1.161721e-05
202	-1.1622071e-05
203	-1.1626866e-05
204	-1.1631596e-05
205	-1.1636261e-05
206	-1.1640863e-05
207	-1.1645403e-05
208	-1.1649881e-05
209	-1.1654298e-05
210	-1.1658656e-05
211	-1.1662955e-05
212	-1.1667196e-05
213	-1.167138e-05
214	-1.1675507e-05
215	-1.1679579e-05
216	-1.1683597e-05
217	-1.168756e-05
218	-1.1691471e-05
219	-1.1695329e-05
220	-1.1699135e-05
221	-1.1702891e-05
222	-1.1706596e-05
223	-1.1710252e-05
224	-1.171386e-05
225	-1.1717419e-05
226	-1.1720931e-05
227	-1.1724396e-05
228	-1.1727816e-05
229	-1.173119e-05
230	-1.1734519e-05
231	-1.1737805e-05
232	-1.1741046e-05
233	-1.1744245e-05
234	-1.1747402e-05
235	-1.1750517e-05
236	-1.1753591e-05
237	-1.1756625e-05
238	-1.1759618e-05
239	-1.1762572e-05
240	-1.1765488e-05
241	-1.1768365e-05
242	-1.1771204e-05
243	-1.1774006e-05
244	-1.1776771e-05
245	-1.17795e-05
246	-1.1782193e-05
247	-1.1784852e-05
248	-1.1787475e-05
249	-1.1790064e-05
250	-1.1792619e-05
251	-1.1795141e-05
252	-1.179763e-05
253	-1.1800087e-05
254	-1.1802511e-05
255	-1.1804904e-05
256	-1.1807266e-05
257	-1.1809597e-05
258	-1.1811898e-05
259	-1.1814169e-05
260	-1.181641e-05
261	-1.1818623e-05
262	-1.1820806e-05
263	-1.1822961e-05
264	-1.1825089e-05
265	-1.1827189e-05
266	-1.1829261e-05
267	-1.1831307e-05
268	-1.1833327e-05
269	-1.183532e-05
270	-1.1837287e-05
271	-1.183923e-05
272	-1.1841147e-05
273	-1.1843039e-05
274	-1.1844907e-05
275	-1.1846751e-05
276	-1.1848571e-05
277	-1.1850367e-05
278	-1.1852141e-05
279	-1.1853891e-05
280	-1.1855619e-05
281	-1.1857325e-05
282	-1.1859009e-05
283	-1.1860671e-05
284	-1.1862312e-05
285	-1.1863932e-05
286	-1.1865531e-05
287	-1.186711e-05
288	-1.1868668e-05
289	-1.1870206e-05
290	-1.1871725e-05
291	-1.1873224e-05
292	-1.1874704e-05
293	-1.1876164e-05
294	-1.1877607e-05
295	-1.187903e-05
296	-1.1880436e-05
297	-1.1881823e-05
298	-1.1883193e-05
299	-1.1884545e-05
300	-1.188588e-05
301	-1.1887198e-05
302	-1.1888499e-05
303	-1.1889783e-05
304	-1.1891051e-05
305	-1.1892303e-05
306	-1.1893539e-05
307	-1.1894759e-05
308	-1.1895964e-05
309	-1.1897153e-05
310	-1.1898327e-05
311	-1.1899486e-05
312	-1.190063e-05
313	-1.190176e-05
314	-1.1902875e-05
315	-1.1903976e-05
316	-1.1905063e-05
317	-1.1906136e-05
318	-1.1907195e-05
319	-1.1908241e-05
320	-1.1909274e-05
321	-1.1910294e-05
322	-1.19113e-05
323	-1.1912294e-05
324	-1.1913275e-05
325	-1.1914244e-05
326	-1.19152e-05
327	-1.1916144e-05
328	-1.1917077e-05
329	-1.1917997e-05
330	-1.1918906e-05
331	-1.1919803e-05
332	-1.1920688e-05
333	-1.1921563e-05
334	-1.1922426e-05
335	-1.1923279e-05
336	-1.192412e-05
337	-1.1924951e-05
338	-1.1925771e-05
339	-1.1926581e-05
340	-1.1927381e-05
341	-1.1928171e-05
342	-1.192895e-05
343	-1.192972e-05
344	-1.193048e-05
345	-1.193123e-05
346	-1.1931971e-05
347	-1.1932702e-05
348	-1.1933424e-05
349	-1.1934137e-05
350	-1.1934841e-05
351	-1.1935536e-05
352	-1.1936222e-05
353	-1.1936899e-05
354	-1.1937568e-05
355	-1.1938229e-05
356	-1.1938881e-05
357	-1.1939525e-05
358	-1.194016e-05
359	-1.1940788e-05
360	-1.1941408e-05
361	-1.194202e-05
362	-1.1942624e-05
363	-1.194322e-05
364	-1.1943809e-05
365	-1.194439e-05
366	-1.1944965e-05
367	-1.1945531e-05
368	-1.1946091e-05
369	-1.1946644e-05
370	-1.1947189e-05
371	-1.1947728e-05
372	-1.194826e-05
373	-1.1948785e-05
374	-1.1949304e-05
375	-1.1949816e-05
376	-1.1950321e-05
377	-1.195082e-05
378	-1.1951313e-05
379	-1.19518e-05
380	-1.195228e-05
381	-1.1952754e-05
382	-1.1953223e-05
383	-1.1953685e-05
384	-1.1954142e-05
385	-1.1954593e-05
386	-1.1955038e-05
387	-1.1955477e-05
388	-1.1955911e-05
389	-1.195634e-05
390	-1.1956763e-05
391	-1.1957181e-05
392	-1.1957593e-05
393	-1.1958001e-05
394	-1.1958403e-05
395	-1.19588e-05
396	-1.1959192e-05
397	-1.1959579e-05
398	-1.1959961e-05
399	-1.1960338e-05
400	-1.1960711e-05
401	-1.1961079e-05
402	-1.1961442e-05
403	-1.1961801e-05
404	-1.1962155e-05
405	-1.1962505e-05
406	-1.196285e-05
407	-1.1963191e-05
408	-1.1963528e-05
409	-1.196386e-05
410	-1.1964188e-05
411	-1.1964512e-05
412	-1.1964832e-05
413	-1.1965148e-05
414	-1.196546e-05
415	-1.1965768e-05
416	-1.1966072e-05
417	-1.1966373e-05
418	-1.1966669e-05
419	-1.1966962e-05
420	-1.1967251e-05
421	-1.1967536e-05
422	-1.1967818e-05
423	-1.1968096e-05
424	-1.1968371e-05
425	-1.1968642e-05
426	-1.196891e-05
427	-1.1969175e-05
428	-1.1969436e-05
429	-1.1969694e-05
430	-1.1969948e-05
431	-1.19702e-05
432	-1.1970448e-05
433	-1.1970693e-05
434	-1.1970935e-05
435	-1.1971174e-05
436	-1.197141e-05
437	-1.1971643e-05
438	-1.1971873e-05
439	-1.19721e-05
440	-1.1972325e-05
441	-1.1972546e-05
442	-1.1972765e-05
443	-1.1972981e-05
444	-1.1973194e-05
445	-1.1973404e-05
446	-1.1973612e-05
447	-1.1973817e-05
448	-1.197402e-05
449	-1.197422e-05
450	-1.1974418e-05
451	-1.1974613e-05
452	-1.1974805e-05
453	-1.1974996e-05
454	-1.1975183e-05
455	-1.1975369e-05
456	-1.1975552e-05
457	-1.1975733e-05
458	-1.1975911e-05
459	-1.1976088e-05
460	-1.1976262e-05
461	-1.1976433e-05
462	-1.1976603e-05
463	-1.1976771e-05
464	-1.1976936e-05
465	-1.19771e-05
466	-1.1977261e-05
467	-1.197742e-05
468	-1.1977577e-05
469	-1.1977733e-05
470	-1.1977886e-05
471	-1.1978037e-05
472	-1.1978187e-05
473	-1.1978334e-05
474	-1.197848e-05
475	-1.1978624e-05
476	-1.1978766e-05
477	-1.1978906e-05
478	-1.1979045e-05
479	-1.1979182e-05
480	-1.1979317e-05
481	-1.197945e-05
482	-1.1979582e-05
483	-1.1979712e-05
484	-1.197984e-05
485	-1.1979967e-05
486	-1.1980092e-05
487	-1.1980216e-05
488	-1.1980338e-05
489	-1.1980458e-05
490	-1.1980577e-05
491	-1.1980695e-05
492	-1.1980811e-05
493	-1.1980925e-05
494	-1.1981039e-05
495	-1.198115e-05
496	-1.1981261e-05
497	-1.1981369e-05
498	-1.1981477e-05
499	-1.1981583e-05
500	-1.1981688e-05
501	-1.1981791e-05
502	-1.1981894e-05
503	-1.1981995e-05
504	-1.1982094e-05
505	-1.1982193e-05
506	-1.198229e-05
507	-1.1982386e-05
508	-1.198248e-05
509	-1.1982574e-05
510	-1.1982666e-05
511	-1.1982757e-05
512	-1.1982847e-05
513	-1.1982936e-05
514	-1.1983024e-05
515	-1.1983111e-05
516	-1.1983196e-05
517	-1.1983281e-05
518	-1.1983364e-05
519	-1.1983447e-05
520	-1.1983528e-05
521	-1.1983608e-05
522	-1.1983688e-05
523	-1.1983766e-05
524	-1.1983843e-05
525	-1.198392e-05
526	-1.1983995e-05
527	-1.198407e-05
528	-1.1984143e-05
529	-1.1984216e-05
530	-1.1984287e-05
531	-1.1984358e-05
532	-1.1984428e-05
533	-1.1984497e-05
534	-1.1984565e-05
535	-1.1984633e-05
536	-1.1984699e-05
537	-1.1984765e-05
538	-1.1984829e-05
539	-1.1984893e-05
540	-1.1984956e-05
541	-1.1985019e-05
542	-1.198508e-05
543	-1.1985141e-05
544	-1.1985201e-05
545	-1.198526e-05
546	-1.1985319e-05
547	-1.1985377e-05
548	-1.1985434e-05
549	-1.198549e-05
550	-1.1985546e-05
551	-1.1985601e-05
552	-1.1985655e-05
553	-1.1985708e-05
554	-1.1985761e-05
555	-1.1985814e-05
556	-1.1985865e-05
557	-1.1985916e-05
558	-1.1985966e-05
559	-1.1986016e-05
560	-1.1986065e-05
561	-1.1986113e-05
562	-1.1986161e-05
563	-1.1986208e-05
564	-1.1986255e-05
565	-1.1986301e-05
566	-1.1986346e-05
567	-1.1986391e-05
568	-1.1986435e-05
569	-1.1986479e-05
570	-1.1986522e-05
571	-1.1986565e-05
572	-1.1986607e-05
573	-1.1986649e-05
574	-1.198669e-05
575	-1.198673e-05
576	-1.198677e-05
577	-1.198681e-05
578	-1.1986849e-05
579	-1.1986887e-05
580	-1.1986925e-05
581	-1.1986963e-05
582	-1.1987e-05
583	-1.1987037e-05
584	-1.1987073e-05
585	-1.1987108e-05
586	-1.1987144e-05
587	-1.1987179e-05
588	-1.1987213e-05
589	-1.1987247e-05
590	-1.198728e-05
591	-1.1987313e-05
592	-1.1987346e-05
593	-1.1987378e-05
594	-1.198741e-05
595	-1.1987442e-05
596	-1.1987473e-05
597	-1.1987503e-05
598	-1.1987534e-05
599	-1.1987564e-05
600	-1.1987593e-05
601	-1.1987622e-05
602	-1.1987651e-05
603	-1.198768e-05
604	-1.1987708e-05
605	-1.1987735e-05
606	-1.1987763e-05
607	-1.198779e-05
608	-1.1987816e-05
609	-1.1987843e-05
610	-1.1987869e-05
611	-1.1987894e-05
612	-1.198792e-05
613	-1.1987945e-05
614	-1.198797e-05
615	-1.1987994e-05
616	-1.1988018e-05
617	-1.1988042e-05
618	-1.1988065e-05
619	-1.1988089e-05
620	-1.1988112e-05
621	-1.1988134e-05
622	-1.1988157e-05
623	-1.1988179e-05
624	-1.19882e-05
625	-1.1988222e-05
626	-1.1988243e-05
627	-1.1988264e-05
628	-1.1988285e-05
629	-1.1988305e-05
630	-1.1988326e-05
631	-1.1988345e-05
632	-1.1988365e-05
633	-1.1988385e-05
634	-1.1988404e-05
635	-1.1988423e-05
636	-1.1988441e-05
637	-1.198846e-05
638	-1.1988478e-05
639	-1.1988496e-05
640	-1.1988514e-05
641	-1.1988532e-05
642	-1.1988549e-05
643	-1.1988566e-05
644	-1.1988583e-05
645	-1.19886e-05
646	-1.1988616e-05
647	-1.1988632e-05
648	-1.1988648e-05
649	-1.1988664e-05
650	-1.198868e-05
651	-1.1988696e-05
652	-1.1988711e-05
653	-1.1988726e-05
654	-1.1988741e-05
655	-1.1988755e-05
656	-1.198877e-05
657	-1.1988784e-05
658	-1.1988799e-05
659	-1.1988813e-05
660	-1.1988826e-05
661	-1.198884e-05
662	-1.1988853e-05
663	-1.1988867e-05
664	-1.198888e-05
665	-1.1988893e-05
666	-1.1988906e-05
667	-1.1988918e-05
668	-1.1988931e-05
669	-1.1988943e-05
670	-1.1988955e-05
671	-1.1988967e-05
672	-1.1988979e-05
673	-1.1988991e-05
674	-1.1989002e-05
675	-1.1989014e-05
676	-1.1989025e-05
677	-1.1989036e-05
678	-1.1989047e-05
679	-1.1989058e-05
680	-1.1989069e-05
681	-1.1989079e-05
682	-1.198909e-05
683	-1.19891e-05
684	-1.198911e-05
685	-1.198912e-05
686	-1.198913e-05
687	-1.198914e-05
688	-1.198915e-05
689	-1.1989159e-05
690	-1.1989169e-05
691	-1.1989178e-05
692	-1.1989187e-05
693	-1.1989197e-05
694	-1.1989206e-05
695	-1.1989214e-05
696	-1.1989223e-05
697	-1.1989232e-05
698	-1.198924e-05
699	-1.1989249e-05
700	-1.1989257e-05
701	-1.1989265e-05
702	-1.1989273e-05
703	-1.1989281e-05
704	-1.1989289e-05
705	-1.1989297e-05
706	-1.1989305e-05
707	-1.1989312e-05
708	-1.198932e-05
709	-1.1989327e-05
710	-1.1989335e-05
711	-1.1989342e-05
712	-1.1989349e-05
713	-1.1989356e-05
714	-1.1989363e-05
715	-1.198937e-05
716	-1.1989377e-05
717	-1.1989384e-05
718	-1.198939e-05
719	-1.1989397e-05
720	-1.1989403e-05
721	-1.198941e-05
722	-1.1989416e-05
723	-1.1989422e-05
724	-1.1989428e-05
725	-1.1989434e-05
726	-1.198944e-05
727	-1.1989446e-05
728	-1.1989452e-05
729	-1.1989458e-05
730	-1.1989464e-05
731	-1.1989469e-05
732	-1.1989475e-05
733	-1.198948e-05
734	-1.1989486e-05
735	-1.1989491e-05
736	-1.1989496e-05
737	-1.1989501e-05
738	-1.1989507e-05
739	-1.1989512e-05
740	-1.1989517e-05
741	-1.1989522e-05
742	-1.1989527e-05
743	-1.1989531e-05
744	-1.1989536e-05
745	-1.1989541e-05
746	-1.1989546e-05
747	-1.198955e-05
748	-1.1989555e-05
749	-1.1989559e-05
750	-1.1989564e-05
751	-1.1989568e-05
752	-1.1989572e-05
753	-1.1989576e-05
754	-1.1989581e-05
755	-1.1989585e-05
756	-1.1989589e-05
757	-1.1989593e-05
758	-1.1989597e-05
759	-1.1989601e-05
760	-1.1989605e-05
761	-1.1989609e-05
762	-1.1989612e-05
763	-1.1989616e-05
764	-1.198962e-05
765	-1.1989624e-05
766	-1.1989627e-05
767	-1.1989631e-05
768	-1.1989634e-05
769	-1.1989638e-05
770	-1.1989641e-05
771	-1.1989645e-05
772	-1.1989648e-05
773	-1.1989651e-05
774	-1.1989654e-05
775	-1.1989658e-05
776	-1.1989661e-05
777	-1.1989664e-05
778	-1.1989667e-05
779	-1.198967e-05
780	-1.1989673e-05
781	-1.1989676e-05
782	-1.1989679e-05
783	-1.1989682e-05
784	-1.1989685e-05
785	-1.1989688e-05
786	-1.1989691e-05
787	-1.1989693e-05
788	-1.1989696e-05
789	-1.1989699e-05
790	-1.1989701e-05
791	-1.1989704e-05
792	-1.1989707e-05
793	-1.1989709e-05
794	-1.1989712e-05
795	-1.1989714e-05
796	-1.1989717e-05
797	-1.1989719e-05
798	-1.1989722e-05
799	-1.1989724e-05
800	-1.1989726e-05
801	-1.1989729e-05
802	-1.1989731e-05
803	-1.1989733e-05
804	-1.1989736e-05
805	-1.1989738e-05
806	-1.198974e-05
807	-1.1989742e-05
808	-1.1989744e-05
809	-1.1989746e-05
810	-1.1989748e-05
811	-1.198975e-05
812	-1.1989752e-05
813	-1.1989754e-05
814	-1.1989756e-05
815	-1.1989758e-05
816	-1.198976e-05
817	-1.1989762e-05
818	-1.1989764e-05
819	-1.1989766e-05
820	-1.1989768e-05
821	-1.1989769e-05
822	-1.1989771e-05
823	-1.1989773e-05
824	-1.1989775e-05
825	-1.1989776e-05
826	-1.1989778e-05
827	-1.198978e-05
828	-1.1989781e-05
829	-1.1989783e-05
830	-1.1989785e-05
831	-1.1989786e-05
832	-1.1989788e-05
833	-1.1989789e-05
834	-1.1989791e-05
835	-1.1989792e-05
836	-1.1989794e-05
837	-1.1989795e-05
838	-1.1989797e-05
839	-1.1989798e-05
840	-1.19898e-05
841	-1.1989801e-05
842	-1.1989803e-05
843	-1.1989804e-05
844	-1.1989805e-05
845	-1.1989807e-05
846	-1.1989808e-05
847	-1.1989809e-05
848	-1.198981e-05
849	-1.1989812e-05
850	-1.1989813e-05
851	-1.1989814e-05
852	-1.1989815e-05
853	-1.1989817e-05
854	-1.1989818e-05
